0.026713617352030705	1.0	0.0	1.0
0.02789683330865056	1.0	0.0	1.0
0.02908004926527058	1.0	0.0	1.0
0.030263265221890434	1.0	0.0	1.0
0.0314464811785104	1.0	0.0	1.0
0.03262969713513031	1.0	0.0	1.0
0.033812913091750274	1.0	0.0	1.0
0.03499612904837013	1.0	0.0	1.0
0.03617934500499009	1.0	0.0	1.0
0.03736256096161	1.0	0.0	1.0
0.03854577691822997	1.0	0.0	1.0
0.03972899287484982	1.0	0.0	1.0
0.04091220883146973	1.0	0.0	1.0
0.0420954247880897	1.0	0.0	1.0
0.04327864074470966	1.0	0.0	1.0
0.04446185670132957	1.0	0.0	1.0
0.04564507265794954	1.0	0.0	1.0
0.04682828861456939	1.0	0.0	1.0
0.0480115045711893	1.0	0.0	1.0
0.049194720527809266	1.0	0.0	1.0
0.05037793648442923	1.0	0.0	1.0
0.051561152441049085	1.0	0.0	1.0
0.052744368397668995	1.0	0.0	1.0
0.05392758435428896	1.0	0.0	1.0
0.05511080031090887	1.0	0.0	1.0
0.056294016267528724	1.0	0.0	1.0
0.05747723222414869	1.0	0.0	1.0
0.058660448180768654	1.0	0.0	1.0
0.059843664137388564	1.0	0.0	1.0
0.06102688009400853	1.0	0.0	1.0
0.06221009605062838	1.0	0.0	1.0
0.06339331200724829	1.0	0.0	1.0
0.06457652796386826	1.0	0.0	1.0
0.06575974392048822	1.0	0.0	1.0
0.06694295987710808	1.0	0.0	1.0
0.06812617583372799	1.0	0.0	1.0
0.06930939179034795	1.0	0.0	1.0
0.07049260774696786	1.0	0.0	1.0
0.07167582370358772	1.0	0.0	1.0
0.07285903966020768	1.0	0.0	1.0
0.07404225561682765	1.0	0.0	1.0
0.07522547157344756	1.0	0.0	1.0
0.07640868753006752	1.0	0.0	1.0
0.07759190348668743	1.0	0.0	1.0
0.07877511944330728	1.0	0.0	1.0
0.07995833539992725	1.0	0.0	1.0
0.08114155135654721	1.0	0.0	1.0
0.08232476731316712	1.0	0.0	1.0
0.08350798326978698	1.0	0.0	1.0
0.08469119922640694	1.0	0.0	1.0
0.08587441518302685	1.0	0.0	1.0
0.08705763113964671	1.0	0.0	1.0
0.08824084709626667	1.0	0.0	1.0
0.0894240630528867	1.0	0.0	1.0
0.09060727900950655	1.0	0.0	1.0
0.09179049496612651	1.0	0.0	1.0
0.09297371092274642	1.0	0.0	1.0
0.09415692687936639	1.0	0.0	1.0
0.09534014283598624	1.0	0.0	1.0
0.0965233587926062	1.0	0.0	1.0
0.09770657474922612	1.0	0.0	1.0
0.09888979070584597	1.0	0.0	1.0
0.10007300666246599	1.0	0.0	1.0
0.10125622261908584	1.0	0.0	1.0
0.10243943857570581	1.0	0.0	1.0
0.10362265453232572	1.0	0.0	1.0
0.10480587048894563	1.0	0.0	1.0
0.10598908644556554	1.0	0.0	1.0
0.1071723024021855	1.0	0.0	1.0
0.10835551835880541	1.0	0.0	1.0
0.10953873431542532	1.0	0.0	1.0
0.11072195027204523	1.0	0.0	1.0
0.11190516622866514	1.0	0.0	1.0
0.11308838218528505	1.0	0.0	1.0
0.11427159814190507	1.0	0.0	1.0
0.11545481409852498	1.0	0.0	1.0
0.11663803005514484	1.0	0.0	1.0
0.1178212460117648	1.0	0.0	1.0
0.11900446196838477	1.0	0.0	1.0
0.12018767792500462	1.0	0.0	1.0
0.12137089388162453	1.0	0.0	1.0
0.1225541098382445	1.0	0.0	1.0
0.1237373257948644	1.0	0.0	1.0
0.12492054175148432	1.0	0.0	1.0
0.12610375770810422	1.0	0.0	1.0
0.1272869736647242	1.0	0.0	1.0
0.12847018962134404	1.0	0.0	1.0
0.12965340557796406	1.0	0.0	1.0
0.13083662153458397	1.0	0.0	1.0
0.13201983749120388	1.0	0.0	1.0
0.1332030534478238	1.0	0.0	1.0
0.13438626940444376	1.0	0.0	1.0
0.1355694853610636	1.0	0.0	1.0
0.13675270131768358	1.0	0.0	1.0
0.1379359172743035	1.0	0.0	1.0
0.1391191332309234	1.0	0.0	1.0
0.1403023491875433	1.0	0.0	1.0
0.14148556514416322	1.0	0.0	1.0
0.14266878110078318	1.0	0.0	1.0
0.14385199705740315	1.0	0.0	1.0
0.14503521301402306	1.0	0.0	1.0
0.1462184289706429	1.0	0.0	1.0
0.14740164492726288	1.0	0.0	1.0
0.14858486088388284	1.0	0.0	1.0
0.14976807684050275	1.0	0.0	1.0
0.1509512927971226	1.0	0.0	1.0
0.15213450875374257	1.0	0.0	1.0
0.15331772471036254	1.0	0.0	1.0
0.1545009406669824	1.0	0.0	1.0
0.1556841566236023	1.0	0.0	1.0
0.15686737258022226	1.0	0.0	1.0
0.15805058853684217	1.0	0.0	1.0
0.15923380449346208	1.0	0.0	1.0
0.160417020450082	1.0	0.0	1.0
0.16160023640670196	1.0	0.0	1.0
0.16278345236332192	1.0	0.0	1.0
0.16396666831994183	1.0	0.0	1.0
0.16514988427656174	1.0	0.0	1.0
0.1663331002331816	1.0	0.0	1.0
0.16751631618980156	1.0	0.0	1.0
0.16869953214642153	1.0	0.0	1.0
0.16988274810304138	1.0	0.0	1.0
0.1710659640596613	1.0	0.0	1.0
0.17224918001628126	1.0	0.0	1.0
0.17343239597290117	1.0	0.0	1.0
0.17461561192952108	1.0	0.0	1.0
0.17579882788614098	1.0	0.0	1.0
0.17698204384276095	1.0	0.0	1.0
0.17816525979938092	1.0	0.0	1.0
0.17934847575600082	1.0	0.0	1.0
0.18053169171262073	1.0	0.0	1.0
0.18171490766924064	1.0	0.0	1.0
0.1828981236258606	1.0	0.0	1.0
0.18408133958248052	1.0	0.0	1.0
0.18526455553910037	1.0	0.0	1.0
0.18644777149572034	1.0	0.0	1.0
0.1876309874523403	1.0	0.0	1.0
0.18881420340896016	1.0	0.0	1.0
0.18999741936558007	1.0	0.0	1.0
0.19118063532220003	1.0	0.0	1.0
0.19236385127882	1.0	0.0	1.0
0.1935470672354399	1.0	0.0	1.0
0.19473028319205982	1.0	0.0	1.0
0.19591349914867973	1.0	0.0	1.0
0.19709671510529964	1.0	0.0	1.0
0.1982799310619196	1.0	0.0	1.0
0.1994631470185395	1.0	0.0	1.0
0.20064636297515942	1.0	0.0	1.0
0.20182957893177933	1.0	0.0	1.0
0.2030127948883993	1.0	0.0	1.0
0.2041960108450192	1.0	0.0	1.0
0.20537922680163906	1.0	0.0	1.0
0.20656244275825902	1.0	0.0	1.0
0.207745658714879	1.0	0.0	1.0
0.2089288746714989	1.0	0.0	1.0
0.2101120906281188	1.0	0.0	1.0
0.21129530658473877	1.0	0.0	1.0
0.21247852254135868	1.0	0.0	1.0
0.2136617384979786	1.0	0.0	1.0
0.2148449544545985	1.0	0.0	1.0
0.2160281704112184	1.0	0.0	1.0
0.21721138636783838	1.0	0.0	1.0
0.2183946023244583	1.0	0.0	1.0
0.2195778182810782	1.0	0.0	1.0
0.2207610342376981	1.0	0.0	1.0
0.22194425019431813	1.0	0.0	1.0
0.22312746615093798	1.0	0.0	1.0
0.22431068210755783	1.0	0.0	1.0
0.22549389806417774	1.0	0.0	1.0
0.22667711402079777	1.0	0.0	1.0
0.22786032997741767	1.0	0.0	1.0
0.22904354593403758	1.0	0.0	1.0
0.2302267618906575	1.0	0.0	1.0
0.2314099778472774	1.0	0.0	1.0
0.23259319380389737	1.0	0.0	1.0
0.23377640976051728	1.0	0.0	1.0
0.2349596257171372	1.0	0.0	1.0
0.2361428416737571	1.0	0.0	1.0
0.23732605763037706	1.0	0.0	1.0
0.23850927358699697	1.0	0.0	1.0
0.23969248954361683	1.0	0.0	1.0
0.24087570550023685	1.0	0.0	1.0
0.24205892145685676	1.0	0.0	1.0
0.24324213741347667	1.0	0.0	1.0
0.24442535337009658	1.0	0.0	1.0
0.24560856932671654	1.0	0.0	1.0
0.24679178528333645	1.0	0.0	1.0
0.24797500123995636	1.0	0.0	1.0
0.24915821719657627	1.0	0.0	1.0
0.25034143315319624	1.0	0.0	1.0
0.25152464910981615	1.0	0.0	1.0
0.25270786506643605	1.0	0.0	1.0
0.2538910810230559	1.0	0.0	1.0
0.2550742969796759	1.0	0.0	1.0
0.25625751293629584	1.0	0.0	1.0
0.2574407288929158	1.0	0.0	1.0
0.25862394484953566	1.0	0.0	1.0
0.25980716080615557	1.0	0.0	1.0
0.2609903767627755	1.0	0.0	1.0
0.26217359271939544	1.0	0.0	1.0
0.26335680867601535	1.0	0.0	1.0
0.26406462134522546	0.99750993850387	0.0029492194550422776	0.9965156508846377
0.264774558536794	0.9950173881645807	0.005907291086577859	0.9930313017692752
0.26548663411573686	0.9925223377484995	0.008874272665506305	0.9895469526539129
0.2662008620867693	0.9900247759315354	0.011850222544808076	0.9860626035385505
0.26691725659621357	0.9875246912980885	0.01483519966749267	0.9825782544231881
0.26763583193393825	0.9850220723399831	0.017829263574678796	0.9790939053078258
0.268356602535332	0.9825169074553841	0.020832474413819004	0.9756095561924634
0.2690795829833106	0.9800091849476984	0.02384489294706362	0.972125207077101
0.26980478801036084	0.9774988930244575	0.02686658055977309	0.9686408579617386
0.27053223250061775	0.9749860197961842	0.029897599269176765	0.9651565088463763
0.27126193149198036	0.9724705532752407	0.032938011733187424	0.9616721597310138
0.27199390017826386	0.9699524813746606	0.03598788125936876	0.9581878106156515
0.2727281539113896	0.96743179190696	0.039047271814059245	0.9547034615002892
0.27346470820361446	0.9649084725829324	0.042116248031662785	0.9512191123849267
0.27420357872979995	0.9623825110104238	0.04519487522410231	0.9477347632695644
0.27494478132972117	0.9598538946930878	0.048283219390440786	0.944250414154202
0.27568833201041876	0.9573226110291223	0.05138134722668097	0.9407660650388396
0.2764342469485913	0.9547886473099848	0.054489326135733235	0.9372817159234773
0.2771825424930323	0.9522519907190887	0.05760722423757059	0.9337973668081149
0.27793323516711127	0.9497126283304774	0.06073511037956637	0.9303130176927525
0.27868634167129935	0.9471705471074776	0.06387305414701644	0.9268286685773901
0.2794418788857415	0.9446257339013313	0.06702112587385901	0.9233443194620278
0.28019986387287676	0.9420781754498051	0.07017939665358912	0.9198599703466654
0.28096031388010534	0.9395278583757768	0.07334793835037509	0.916375621231303
0.28172324634250545	0.9369747691858	0.07652682361037562	0.9128912721159407
0.28248867888560203	0.9344188942686438	0.07971612587327798	0.9094069230005782
0.28325662932818435	0.9318602198938094	0.08291591938403739	0.9059225738852159
0.284027115685179	0.929298732210022	0.08612627920484874	0.9024382247698535
0.28480015617057564	0.9267344172436981	0.08934728122733453	0.8989538756544911
0.2855757692004076	0.9241672608973861	0.0925790021849679	0.8954695265391288
0.2863539733957896	0.9215972489481827	0.09582151966572618	0.8919851774237664
0.28713478758601285	0.9190243670461216	0.09907491212498946	0.888500828308404
0.2879182308116992	0.9164486007125343	0.1023392588986829	0.8850164791930417
0.28870432232801646	0.913869935338386	0.1056146402166711	0.8815321300776793
0.2894930816079536	0.9112883561825802	0.10890113721640943	0.878047780962317
0.29028452834566176	0.9087038483702361	0.11219883195686003	0.8745634318469545
0.29107868245985813	0.9061163968909368	0.11550780743267838	0.8710790827315922
0.29187556409729654	0.9035259865969463	0.11882814758867175	0.8675947336162297
0.2926751936363068	0.9009326022013967	0.12215993733454744	0.8641103845008674
0.2934775916904015	0.8983362282764435	0.12550326255994204	0.8606260353855051
0.29428277911195616	0.8957368492513894	0.1288582101497535	0.8571416862701426
0.2950907769959604	0.8931344494107754	0.13222486799977134	0.8536573371547803
0.29590160668384485	0.8905290128924374	0.135603325032623	0.8501729880394179
0.296715289767383	0.8879205236855302	0.13899367121403192	0.8466886389240555
0.29753184809267275	0.8853089656285156	0.14239599756940605	0.8432042898086931
0.29835130376419683	0.8826943224071152	0.14581039620075625	0.8397199406933308
0.29917367914896587	0.8800765775522267	0.1492369603039607	0.8362355915779685
0.29999899688074494	0.8774557144378028	0.15267578418637337	0.832751242462606
0.30082727986436675	0.8748317162786927	0.15612696328479742	0.8292668933472437
0.3016585512801323	0.8722045661284439	0.1595905941838206	0.8257825442318814
0.30249283458830256	0.869574246877064	0.16306677463453015	0.8222981951165189
0.30333015353368276	0.8669407412487438	0.16655560357361424	0.8188138460011566
0.3041705321503009	0.8643040317995361	0.17005718114285634	0.8153294968857941
0.3050139947661836	0.8616641009149939	0.1735716087090347	0.8118451477704318
0.30586056600823375	0.8590209308077645	0.1770989888842432	0.8083607986550694
0.3067102708072065	0.856374503515139	0.18063942554662993	0.804876449539707
0.30756313440279426	0.8537248008965564	0.18419302386157863	0.8013921004243447
0.3084191823488166	0.8510718046310616	0.18775989030333873	0.7979077513089823
0.30927844051852116	0.8484154962147149	0.19134013267710764	0.79442340219362
0.3101409351099982	0.8457558569579539	0.194933860141595	0.7909390530782576
0.3110066926517103	0.8430928679829041	0.1985411832320625	0.7874547039628952
0.31187574000814255	0.8404265102206402	0.20216221388386343	0.7839703548475327
0.31274810438557277	0.8377567644083941	0.20579706545648907	0.7804860057321704
0.3136238133379692	0.8350836110867091	0.20944585275814107	0.7770016566168081
0.3145028947730162	0.8324070305965405	0.21310869207083669	0.7735173075014457
0.3153853769582713	0.8297270030762995	0.21678570117606646	0.7700329583860833
0.3162712885274588	0.8270435084588399	0.2204769993810144	0.766548609270721
0.31716065848690256	0.8243565264683858	0.22418270754536335	0.7630642601553586
0.31805351622210054	0.8216660366173995	0.22790294810868816	0.7595799110399962
0.31894989150444775	0.8189720182033877	0.2316378451184683	0.7560955619246338
0.3198498144981089	0.8162744503056447	0.23538752425872309	0.7526112128092715
0.32075331576704635	0.8135733117819302	0.23915211287929583	0.749126863693909
0.32166042628220726	0.8108685812650818	0.24293174002579948	0.7456425145785467
0.32257117742887326	0.8081602371595591	0.24672653647024131	0.7421581654631844
0.32348560101417967	0.8054482576379185	0.25053663474235116	0.7386738163478219
0.32440372927480565	0.8027326206372161	0.2543621691616262	0.7351894672324596
0.32532559488484314	0.8000133038553382	0.2582032758701158	0.7317051181170973
0.3262512309638472	0.7972902847472565	0.26206009286596627	0.7282207690017348
0.32718067108507487	0.7945635405212064	0.265932760037748	0.7247364198863724
0.32811394928391463	0.7918330481347868	0.26982141919958025	0.7212520707710101
0.3290511000665174	0.7890987842909787	0.27372621412709164	0.7177677216556477
0.3299921584186287	0.7863607254340808	0.2776472905942224	0.7142833725402853
0.3309371598146314	0.7836188477455615	0.28158479641090006	0.710799023424923
0.33188614022680485	0.780873127139821	0.28553888146162276	0.7073146743095606
0.3328391361348053	0.7781235392598669	0.2895096977449583	0.7038303251941982
0.3337961845353746	0.7753700594728952	0.2934973994139968	0.7003459760788358
0.3347573229522848	0.7726126628657798	0.29750214281778914	0.6968616269634735
0.3357225894465242	0.769851324240462	0.3015240865437868	0.6933772778481111
0.33669202262673303	0.7670860181092439	0.30556339146132366	0.6898929287327487
0.33766566165989487	0.7643167186899782	0.3096202207661644	0.6864085796173863
0.3386435462822929	0.7615433999011526	0.3136947400261564	0.682924230502024
0.33962571681073855	0.7587660353568679	0.3177871172280133	0.6794398813866616
0.3406122141540797	0.755984598361706	0.32189752282526835	0.6759555322712992
0.3416030798249984	0.7531990619054822	0.32602612978742945	0.6724711831559369
0.3425983559521046	0.750409398657884	0.3301731136503718	0.6689868340405745
0.3435980852923395	0.747615580962987	0.3343386525680172	0.665502484925212
0.34460231124369134	0.7448175808336501	0.33852292736531653	0.6620181358098497
0.3456110778582406	0.742015369945783	0.3427261215926051	0.6585337866944874
0.34662442985553843	0.7392089196324834	0.3469484215813461	0.6550494375791249
0.3476424126363325	0.7363982008780415	0.3511900165013214	0.6515650884637626
0.34866507229665106	0.733583184311806	0.35545109841931527	0.6480807393484003
0.34969245564225443	0.7307638402019089	0.3597318623593296	0.6445963902330378
0.35072461020346724	0.7279401384488453	0.3640325063643827	0.6411120411176755
0.35176158425040305	0.7251120485789029	0.3683532315599487	0.6376276920023132
0.35280342680859456	0.7222795397374375	0.37269424221908	0.6341433428869507
0.35385018767504073	0.7194425806819909	0.3770557458292726	0.6306589937715883
0.35490191743468724	0.7166011397752448	0.38143795316113266	0.627174644656226
0.35595866747735116	0.7137551849778065	0.3858410783388992	0.6236902955408636
0.35702049001510705	0.7109046838408233	0.39026533891288206	0.6202059464255012
0.3580874381001477	0.7080496034984174	0.3947109559338849	0.6167215973101389
0.35915956564313734	0.7051899106599382	0.3991781540296747	0.6132372481947765
0.3602369274320718	0.7023255716020248	0.40366716148356846	0.6097528990794141
0.36131957915166335	0.6994565521604762	0.4081782103151999	0.6062685499640517
0.36240757740326857	0.6965828177219184	0.4127115363635551	0.6027842008486893
0.3635009797253773	0.6937043332152668	0.4172673793723414	0.599299851733327
0.3645998446146801	0.6908210631029742	0.42184598307776977	0.5958155026179646
0.3657042315477377	0.687932971372061	0.42644759529884285	0.5923311535026022
0.3668142010032699	0.6850400215249177	0.4310724680302274	0.5888468043872399
0.367929814485087	0.6821421765698741	0.4357208575377983	0.5853624552718775
0.3690511345456856	0.6792393990115284	0.4403930244569593	0.5818781061565151
0.37017822481053364	0.6763316508408272	0.44508923389382643	0.5783937570411528
0.37131115000306636	0.6734188935248898	0.44980975552937924	0.5749094079257904
0.37244997597042073	0.670501087996567	0.4545548637266891	0.5714250588104279
0.37359476970993466	0.6675781946437283	0.45932483764133036	0.5679407096950656
0.37474559939643637	0.6646501732982647	0.46411996133508754	0.5644563605797033
0.3759025344103564	0.6617169832248038	0.4689405238930878	0.5609720114643408
0.3770656453666876	0.6587785831091207	0.47378681954446755	0.5574876623489785
0.3782350041448281	0.6558349310462409	0.47865914778671964	0.5540033132336162
0.37941068391933874	0.65288598452822	0.4835578135138475	0.5505189641182537
0.38059275919164726	0.6499317004315934	0.4884831271484662	0.5470346150028913
0.38178130582273734	0.646972035004483	0.49343540477800835	0.5435502658875291
0.38297640106685726	0.6440069438533466	0.4984149682951746	0.5400659167721666
0.3841781236062888	0.6410363819293652	0.503422145542806	0.5365815676568042
0.3853865535872151	0.638060303514447	0.5084572704633321	0.5330972185414419
0.3866017726567305	0.6350786622068412	0.51352068325298	0.5296128694260795
0.38782386400103736	0.6320914109063447	0.5186127305209249	0.5261285203107171
0.3890529123848735	0.6290985017990895	0.5237337654535756	0.5226441711953548
0.39028900419222157	0.6260998863418943	0.5288841479841925	0.5191598220799925
0.39153222746834787	0.6230955152461649	0.5340642449680522	0.51567547296463
0.3927826719632266	0.6200853384613303	0.5392744303633801	0.5121911238492676
0.3940404291764014	0.6170693051577926	0.5445150854182754	0.5087067747339052
0.3953055924033457	0.6140473637093775	0.5497865988638764	0.5052224256185429
0.39657825678337866	0.6110194616752651	0.5550893671140138	0.5017380765031805
0.3978585193492036	0.6079855457813831	0.5604237944716175	0.49825372738781815
0.3991464790781342	0.6049455619012397	0.5657902933421618	0.4947693782724558
0.4004422369450775	0.6018994550361804	0.5711892844544257	0.4912850291570934
0.40174589597734783	0.5988471692950414	0.5766211970888853	0.48780068004173105
0.4030575613113895	0.5957886478731811	0.5820864693140587	0.4843163309263686
0.40437734025148586	0.5927238330308635	0.587585548231127	0.4808319818110063
0.40570534233054334	0.58965266607097	0.5931188902272	0.47734763269564384
0.4070416793730356	0.5865750873160134	0.5986869612375844	0.4738632835802815
0.40838646556020414	0.5834910360844258	0.6042902370174531	0.4703789344649192
0.40973981749761185	0.580400450666094	0.6099292034233187	0.46689458534955675
0.41110185428515233	0.5773032682971114	0.6156043567047373	0.4634102362341944
0.41247269758962685	0.5741994251337139	0.6213162038067145	0.459925887118832
0.4138524717199971	0.5710888562253711	0.6270652626832574	0.45644153800346965
0.4152413037054411	0.5679714954869942	0.6328520626226073	0.4529571888881073
0.41663932337633214	0.5648472756702272	0.6386771445846531	0.4494728397727449
0.4180466634482795	0.5617161283337835	0.6445410615511006	0.44598849065738255
0.4194634596093677	0.5585779838127876	0.6504443788889681	0.4425041415420201
0.4208898506107438	0.5554327711870819	0.6563876747280353	0.4390197924266578
0.4223259783607096	0.5522804182484528	0.6623715403528928	0.43553544331129546
0.4237719880224823	0.5491208514667326	0.668396580610279	0.432051094195933
0.4252280281157974	0.5459539959547293	0.6744634143324252	0.4285667450805707
0.42669425062253935	0.5427797754319303	0.6805726747771833	0.42508239596520825
0.4281708110965914	0.539598112186933	0.6867250100857333	0.4215980468498459
0.42965786877811196	0.5364089270385393	0.6929210837587358	0.4181136977344836
0.43115558671245263	0.5332121392954622	0.699161575151822	0.41462934861912115
0.4326641318739477	0.5300076667145772	0.7054471799913847	0.4111449995037588
0.43418367529481927	0.5267954254576566	0.7117786109116828	0.4076606503883964
0.43571439219945174	0.523575330046516	0.7181565980143183	0.40417630127303406
0.43725646214431174	0.5203472933165026	0.7245818894512349	0.4006919521576716
0.43881006916379867	0.5171112263682471	0.7310552520324303	0.3972076030423093
0.4403754019223344	0.513867038517599	0.7375774718596624	0.39372325392694696
0.44195265387301524	0.5106146372436615	0.7441493549874997	0.3902389048115845
0.4435420234231706	0.5073539281348355	0.750771728113147	0.3867545556962222
0.44514371410719566	0.504084814832775	0.7574454392965847	0.38327020658085975
0.44675793476704506	0.5008071989741598	0.7641713587126235	0.3797858574654974
0.4483848997408024	0.49752098013017204	0.7709503794366127	0.3763015083501351
0.45002482905976554	0.4942260557435695	0.7777834182656256	0.37281715923477265
0.451677948654512	0.49092232106323497	0.7846714165770692	0.3693328101194103
0.45334449057045023	0.48760966907607456	0.7916153412268119	0.3658484610040479
0.45502469319337924	0.4842879904361332	0.798616185489016	0.36236411188868556
0.45671880148562966	0.480957173390784	0.8056749700400596	0.35887976277332323
0.4584270672333872	0.4776171037038426	0.8127927439890493	0.3553954136579608
0.4601497493058431	0.4742676645754461	0.8199705859576156	0.35191106454259846
0.46188711392686266	0.47090873655852644	0.8272096052118638	0.348426715427236
0.4636394349599061	0.4675401974716996	0.8345109428495449	0.3449423663118737
0.4654069942069899	0.46416192230837655	0.8418757730457271	0.34145801719651125
0.4671900817225327	0.4607737831418952	0.8493053043604889	0.3379736680811489
0.4689889961429874	0.4573756490264523	0.8568007811123834	0.3344893189657866
0.47080404503322626	0.4539673858936063	0.8643634848217121	0.33100496985042416
0.47263554525071894	0.4505488564441049	0.8719947357279316	0.32752062073506183
0.47448382332861533	0.44711992003476997	0.8796958943858332	0.3240362716196994
0.47634921587893087	0.4436804325601641	0.8874683633454815	0.32055192250433706
0.47823207001711887	0.4402302463287333	0.8953135889212646	0.31706757338897473
0.4801327438094139	0.43676920993310786	0.9032330630558273	0.3135832242736123
0.4820516067444363	0.43329716811421654	0.9112283252850872	0.31009887515824996
0.4839890402306598	0.42981396161884505	0.9193009648110185	0.3066145260428875
0.4869431635535573	0.42631942705024684	0.9274526226894164	0.3031301769275252
0.48794088898563936	0.42631942705024684	0.9274526226894164	0.3031301769275252
0.4889386144177214	0.42631942705024684	0.9274526226894164	0.3031301769275252
0.48993633984980345	0.42631942705024684	0.9274526226894164	0.3031301769275252
0.4909340652818855	0.42631942705024684	0.9274526226894164	0.3031301769275252
0.49193179071396753	0.42631942705024684	0.9274526226894164	0.3031301769275252
0.4929295161460496	0.42631942705024684	0.9274526226894164	0.3031301769275252
0.4939272415781316	0.42631942705024684	0.9274526226894164	0.3031301769275252
0.49492496701021366	0.42631942705024684	0.9274526226894164	0.3031301769275252
0.4959226924422957	0.42631942705024684	0.9274526226894164	0.3031301769275252
0.49692041787437774	0.42631942705024684	0.9274526226894164	0.3031301769275252
0.4979181433064598	0.42631942705024684	0.9274526226894164	0.3031301769275252
0.4989158687385418	0.42631942705024684	0.9274526226894164	0.3031301769275252
0.49991359417062387	0.42631942705024684	0.9274526226894164	0.3031301769275252
0.5009113196027059	0.42631942705024684	0.9274526226894164	0.3031301769275252
0.501909045034788	0.42631942705024684	0.9274526226894164	0.3031301769275252
0.5029067704668699	0.42631942705024684	0.9274526226894164	0.3031301769275252
0.503904495898952	0.42631942705024684	0.9274526226894164	0.3031301769275252
0.504902221331034	0.42631942705024684	0.9274526226894164	0.3031301769275252
0.5058999467631161	0.42631942705024684	0.9274526226894164	0.3031301769275252
0.5068976721951981	0.42631942705024684	0.9274526226894164	0.3031301769275252
0.5078953976272802	0.42631942705024684	0.9274526226894164	0.3031301769275252
0.5088931230593622	0.42631942705024684	0.9274526226894164	0.3031301769275252
0.5098908484914443	0.42631942705024684	0.9274526226894164	0.3031301769275252
0.5108885739235263	0.42631942705024684	0.9274526226894164	0.3031301769275252
0.5118862993556084	0.42631942705024684	0.9274526226894164	0.3031301769275252
0.5128840247876904	0.42631942705024684	0.9274526226894164	0.3031301769275252
0.5138817502197724	0.42631942705024684	0.9274526226894164	0.3031301769275252
0.5148794756518544	0.42631942705024684	0.9274526226894164	0.3031301769275252
0.5158772010839365	0.42631942705024684	0.9274526226894164	0.3031301769275252
0.5168749265160185	0.42631942705024684	0.9274526226894164	0.3031301769275252
0.5178726519481005	0.42631942705024684	0.9274526226894164	0.3031301769275252
0.5188703773801826	0.42631942705024684	0.9274526226894164	0.3031301769275252
0.5198681028122646	0.42631942705024684	0.9274526226894164	0.3031301769275252
0.5208658282443467	0.42631942705024684	0.9274526226894164	0.3031301769275252
0.5218635536764287	0.42631942705024684	0.9274526226894164	0.3031301769275252
0.5228612791085108	0.42631942705024684	0.9274526226894164	0.3031301769275252
0.5238590045405928	0.42631942705024684	0.9274526226894164	0.3031301769275252
0.5248567299726749	0.42631942705024684	0.9274526226894164	0.3031301769275252
0.5258544554047568	0.42631942705024684	0.9274526226894164	0.3031301769275252
0.5268521808368389	0.42631942705024684	0.9274526226894164	0.3031301769275252
0.5278499062689209	0.42631942705024684	0.9274526226894164	0.3031301769275252
0.528847631701003	0.42631942705024684	0.9274526226894164	0.3031301769275252
0.529845357133085	0.42631942705024684	0.9274526226894164	0.3031301769275252
0.5308430825651671	0.42631942705024684	0.9274526226894164	0.3031301769275252
0.5318408079972491	0.42631942705024684	0.9274526226894164	0.3031301769275252
0.5328385334293312	0.42631942705024684	0.9274526226894164	0.3031301769275252
0.5338362588614132	0.42631942705024684	0.9274526226894164	0.3031301769275252
0.5348339842934953	0.42631942705024684	0.9274526226894164	0.3031301769275252
0.5358317097255773	0.42631942705024684	0.9274526226894164	0.3031301769275252
0.5368294351576594	0.42631942705024684	0.9274526226894164	0.3031301769275252
0.5378271605897413	0.42631942705024684	0.9274526226894164	0.3031301769275252
0.5388248860218234	0.42631942705024684	0.9274526226894164	0.3031301769275252
0.5398226114539054	0.42631942705024684	0.9274526226894164	0.3031301769275252
0.5408203368859875	0.42631942705024684	0.9274526226894164	0.3031301769275252
0.5418180623180695	0.42631942705024684	0.9274526226894164	0.3031301769275252
0.5428157877501516	0.42631942705024684	0.9274526226894164	0.3031301769275252
0.5438135131822336	0.42631942705024684	0.9274526226894164	0.3031301769275252
0.5448112386143157	0.42631942705024684	0.9274526226894164	0.3031301769275252
0.5458089640463977	0.42631942705024684	0.9274526226894164	0.3031301769275252
0.5468066894784798	0.42631942705024684	0.9274526226894164	0.3031301769275252
0.5478044149105618	0.42631942705024684	0.9274526226894164	0.3031301769275252
0.5488021403426437	0.42631942705024684	0.9274526226894164	0.3031301769275252
0.5497998657747258	0.42631942705024684	0.9274526226894164	0.3031301769275252
0.5507975912068079	0.42631942705024684	0.9274526226894164	0.3031301769275252
0.5517953166388899	0.42631942705024684	0.9274526226894164	0.3031301769275252
0.5527930420709719	0.42631942705024684	0.9274526226894164	0.3031301769275252
0.553790767503054	0.42631942705024684	0.9274526226894164	0.3031301769275252
0.554788492935136	0.42631942705024684	0.9274526226894164	0.3031301769275252
0.5557862183672181	0.42631942705024684	0.9274526226894164	0.3031301769275252
0.5567839437993001	0.42631942705024684	0.9274526226894164	0.3031301769275252
0.5577816692313822	0.42631942705024684	0.9274526226894164	0.3031301769275252
0.5587793946634642	0.42631942705024684	0.9274526226894164	0.3031301769275252
0.5597771200955463	0.42631942705024684	0.9274526226894164	0.3031301769275252
0.5607748455276282	0.42631942705024684	0.9274526226894164	0.3031301769275252
0.5617725709597103	0.42631942705024684	0.9274526226894164	0.3031301769275252
0.5627702963917923	0.42631942705024684	0.9274526226894164	0.3031301769275252
0.5637680218238744	0.42631942705024684	0.9274526226894164	0.3031301769275252
0.5647657472559564	0.42631942705024684	0.9274526226894164	0.3031301769275252
0.5657634726880385	0.42631942705024684	0.9274526226894164	0.3031301769275252
0.5667611981201205	0.42631942705024684	0.9274526226894164	0.3031301769275252
0.5677589235522026	0.42631942705024684	0.9274526226894164	0.3031301769275252
0.5687566489842846	0.42631942705024684	0.9274526226894164	0.3031301769275252
0.5697543744163667	0.42631942705024684	0.9274526226894164	0.3031301769275252
0.5707520998484487	0.42631942705024684	0.9274526226894164	0.3031301769275252
0.5717498252805308	0.42631942705024684	0.9274526226894164	0.3031301769275252
0.5727475507126127	0.42631942705024684	0.9274526226894164	0.3031301769275252
0.5737452761446948	0.42631942705024684	0.9274526226894164	0.3031301769275252
0.5747430015767768	0.42631942705024684	0.9274526226894164	0.3031301769275252
0.5757407270088589	0.42631942705024684	0.9274526226894164	0.3031301769275252
0.5767384524409409	0.42631942705024684	0.9274526226894164	0.3031301769275252
0.577736177873023	0.42631942705024684	0.9274526226894164	0.3031301769275252
0.578733903305105	0.42631942705024684	0.9274526226894164	0.3031301769275252
0.579731628737187	0.42631942705024684	0.9274526226894164	0.3031301769275252
0.5807293541692691	0.42631942705024684	0.9274526226894164	0.3031301769275252
0.5817270796013512	0.42631942705024684	0.9274526226894164	0.3031301769275252
0.5827248050334332	0.42631942705024684	0.9274526226894164	0.3031301769275252
0.5837225304655151	0.42631942705024684	0.9274526226894164	0.3031301769275252
0.5847202558975972	0.42631942705024684	0.9274526226894164	0.3031301769275252
0.5857179813296793	0.42631942705024684	0.9274526226894164	0.3031301769275252
0.5867157067617613	0.42631942705024684	0.9274526226894164	0.3031301769275252
0.5877134321938433	0.42631942705024684	0.9274526226894164	0.3031301769275252
0.5887111576259254	0.42631942705024684	0.9274526226894164	0.3031301769275252
0.5897088830580075	0.42631942705024684	0.9274526226894164	0.3031301769275252
0.5907066084900895	0.42631942705024684	0.9274526226894164	0.3031301769275252
0.5917043339221715	0.42631942705024684	0.9274526226894164	0.3031301769275252
0.5927020593542536	0.42631942705024684	0.9274526226894164	0.3031301769275252
0.5936997847863357	0.42631942705024684	0.9274526226894164	0.3031301769275252
0.5946975102184177	0.42631942705024684	0.9274526226894164	0.3031301769275252
0.5956952356504996	0.42631942705024684	0.9274526226894164	0.3031301769275252
0.5966929610825817	0.42631942705024684	0.9274526226894164	0.3031301769275252
0.5976906865146637	0.42631942705024684	0.9274526226894164	0.3031301769275252
0.5986884119467458	0.42631942705024684	0.9274526226894164	0.3031301769275252
0.5996861373788278	0.42631942705024684	0.9274526226894164	0.3031301769275252
0.6006838628109099	0.42631942705024684	0.9274526226894164	0.3031301769275252
0.6016815882429919	0.42631942705024684	0.9274526226894164	0.3031301769275252
0.602679313675074	0.42631942705024684	0.9274526226894164	0.3031301769275252
0.603677039107156	0.42631942705024684	0.9274526226894164	0.3031301769275252
0.6046747645392381	0.42631942705024684	0.9274526226894164	0.3031301769275252
0.6056724899713201	0.42631942705024684	0.9274526226894164	0.3031301769275252
0.6066702154034022	0.42631942705024684	0.9274526226894164	0.3031301769275252
0.6076679408354841	0.42631942705024684	0.9274526226894164	0.3031301769275252
0.6086656662675662	0.42631942705024684	0.9274526226894164	0.3031301769275252
0.6096633916996482	0.42631942705024684	0.9274526226894164	0.3031301769275252
0.6106611171317303	0.42631942705024684	0.9274526226894164	0.3031301769275252
0.6116588425638123	0.42631942705024684	0.9274526226894164	0.3031301769275252
0.6126565679958944	0.42631942705024684	0.9274526226894164	0.3031301769275252
0.6136542934279764	0.42631942705024684	0.9274526226894164	0.3031301769275252
0.6146520188600584	0.42631942705024684	0.9274526226894164	0.3031301769275252
0.6156497442921405	0.42631942705024684	0.9274526226894164	0.3031301769275252
0.6166474697242226	0.42631942705024684	0.9274526226894164	0.3031301769275252
0.6176451951563046	0.42631942705024684	0.9274526226894164	0.3031301769275252
0.6186429205883865	0.42631942705024684	0.9274526226894164	0.3031301769275252
0.6196406460204686	0.42631942705024684	0.9274526226894164	0.3031301769275252
0.6206383714525507	0.42631942705024684	0.9274526226894164	0.3031301769275252
0.6216360968846327	0.42631942705024684	0.9274526226894164	0.3031301769275252
0.6226338223167147	0.42631942705024684	0.9274526226894164	0.3031301769275252
0.6236315477487968	0.42631942705024684	0.9274526226894164	0.3031301769275252
0.6246292731808789	0.42631942705024684	0.9274526226894164	0.3031301769275252
0.6256269986129609	0.42631942705024684	0.9274526226894164	0.3031301769275252
0.6266247240450429	0.42631942705024684	0.9274526226894164	0.3031301769275252
0.627622449477125	0.42631942705024684	0.9274526226894164	0.3031301769275252
0.628620174909207	0.42631942705024684	0.9274526226894164	0.3031301769275252
0.6296179003412891	0.42631942705024684	0.9274526226894164	0.3031301769275252
0.630615625773371	0.42631942705024684	0.9274526226894164	0.3031301769275252
0.6316133512054531	0.42631942705024684	0.9274526226894164	0.3031301769275252
0.6326110766375351	0.42631942705024684	0.9274526226894164	0.3031301769275252
0.6336088020696172	0.42631942705024684	0.9274526226894164	0.3031301769275252
0.6346065275016992	0.42631942705024684	0.9274526226894164	0.3031301769275252
0.6356042529337813	0.42631942705024684	0.9274526226894164	0.3031301769275252
0.6366019783658633	0.42631942705024684	0.9274526226894164	0.3031301769275252
0.6375997037979454	0.42631942705024684	0.9274526226894164	0.3031301769275252
0.6385974292300274	0.42631942705024684	0.9274526226894164	0.3031301769275252
0.6395951546621095	0.42631942705024684	0.9274526226894164	0.3031301769275252
0.6405928800941915	0.42631942705024684	0.9274526226894164	0.3031301769275252
0.6415906055262736	0.42631942705024684	0.9274526226894164	0.3031301769275252
0.6425883309583555	0.42631942705024684	0.9274526226894164	0.3031301769275252
0.6435860563904376	0.42631942705024684	0.9274526226894164	0.3031301769275252
0.6445837818225196	0.42631942705024684	0.9274526226894164	0.3031301769275252
0.6455815072546017	0.42631942705024684	0.9274526226894164	0.3031301769275252
0.6465792326866837	0.42631942705024684	0.9274526226894164	0.3031301769275252
0.6475769581187658	0.42631942705024684	0.9274526226894164	0.3031301769275252
0.6485746835508478	0.42631942705024684	0.9274526226894164	0.3031301769275252
0.6495724089829298	0.42631942705024684	0.9274526226894164	0.3031301769275252
0.6505701344150119	0.42631942705024684	0.9274526226894164	0.3031301769275252
0.651567859847094	0.42631942705024684	0.9274526226894164	0.3031301769275252
0.652565585279176	0.42631942705024684	0.9274526226894164	0.3031301769275252
0.653563310711258	0.42631942705024684	0.9274526226894164	0.3031301769275252
0.65456103614334	0.42631942705024684	0.9274526226894164	0.3031301769275252
0.6555587615754221	0.42631942705024684	0.9274526226894164	0.3031301769275252
0.6565564870075041	0.42631942705024684	0.9274526226894164	0.3031301769275252
0.6575542124395861	0.42631942705024684	0.9274526226894164	0.3031301769275252
0.6585519378716682	0.42631942705024684	0.9274526226894164	0.3031301769275252
0.6595496633037502	0.42631942705024684	0.9274526226894164	0.3031301769275252
0.6605473887358323	0.42631942705024684	0.9274526226894164	0.3031301769275252
0.6615451141679143	0.42631942705024684	0.9274526226894164	0.3031301769275252
0.6625428395999964	0.42631942705024684	0.9274526226894164	0.3031301769275252
0.6635405650320784	0.42631942705024684	0.9274526226894164	0.3031301769275252
0.6645382904641605	0.42631942705024684	0.9274526226894164	0.3031301769275252
0.6655360158962424	0.42631942705024684	0.9274526226894164	0.3031301769275252
0.6665337413283245	0.42631942705024684	0.9274526226894164	0.3031301769275252
0.6675314667604065	0.42631942705024684	0.9274526226894164	0.3031301769275252
0.6685291921924886	0.42631942705024684	0.9274526226894164	0.3031301769275252
0.6695269176245706	0.42631942705024684	0.9274526226894164	0.3031301769275252
0.6705246430566527	0.42631942705024684	0.9274526226894164	0.3031301769275252
0.6715223684887347	0.42631942705024684	0.9274526226894164	0.3031301769275252
0.6725200939208168	0.42631942705024684	0.9274526226894164	0.3031301769275252
0.6735178193528988	0.42631942705024684	0.9274526226894164	0.3031301769275252
0.6745155447849809	0.42631942705024684	0.9274526226894164	0.3031301769275252
0.6755132702170629	0.42631942705024684	0.9274526226894164	0.3031301769275252
0.676510995649145	0.42631942705024684	0.9274526226894164	0.3031301769275252
0.677508721081227	0.42631942705024684	0.9274526226894164	0.3031301769275252
0.678506446513309	0.42631942705024684	0.9274526226894164	0.3031301769275252
0.679504171945391	0.42631942705024684	0.9274526226894164	0.3031301769275252
0.680501897377473	0.42631942705024684	0.9274526226894164	0.3031301769275252
0.6814996228095551	0.42631942705024684	0.9274526226894164	0.3031301769275252
0.6824973482416372	0.42631942705024684	0.9274526226894164	0.3031301769275252
0.6834950736737192	0.42631942705024684	0.9274526226894164	0.3031301769275252
0.6844927991058012	0.42631942705024684	0.9274526226894164	0.3031301769275252
0.6854905245378833	0.42631942705024684	0.9274526226894164	0.3031301769275252
0.685902876096815	0.26557371110288047	0.9274526226894164	0.3031301769275252
0.6863152276557467	0.26557371110288047	0.9274526226894164	0.3031301769275252
0.6867275792146784	0.26557371110288047	0.9274526226894164	0.3031301769275252
0.6871399307736101	0.26557371110288047	0.9274526226894164	0.3031301769275252
0.6875522823325418	0.26557371110288047	0.9274526226894164	0.3031301769275252
0.6879646338914736	0.26557371110288047	0.9274526226894164	0.3031301769275252
0.6883769854504053	0.26557371110288047	0.9274526226894164	0.3031301769275252
0.688789337009337	0.26557371110288047	0.9274526226894164	0.3031301769275252
0.6892016885682687	0.26557371110288047	0.9274526226894164	0.3031301769275252
0.6896140401272004	0.26557371110288047	0.9274526226894164	0.3031301769275252
0.6900263916861321	0.26557371110288047	0.9274526226894164	0.3031301769275252
0.6904387432450638	0.26557371110288047	0.9274526226894164	0.3031301769275252
0.6908510948039955	0.26557371110288047	0.9274526226894164	0.3031301769275252
0.6912634463629272	0.26557371110288047	0.9274526226894164	0.3031301769275252
0.691675797921859	0.26557371110288047	0.9274526226894164	0.3031301769275252
0.6920881494807907	0.26557371110288047	0.9274526226894164	0.3031301769275252
0.6925005010397224	0.26557371110288047	0.9274526226894164	0.3031301769275252
0.6929128525986541	0.26557371110288047	0.9274526226894164	0.3031301769275252
0.6933252041575858	0.26557371110288047	0.9274526226894164	0.3031301769275252
0.6937375557165175	0.26557371110288047	0.9274526226894164	0.3031301769275252
0.6941499072754492	0.26557371110288047	0.9274526226894164	0.3031301769275252
0.6945622588343809	0.26557371110288047	0.9274526226894164	0.3031301769275252
0.6949746103933127	0.26557371110288047	0.9274526226894164	0.3031301769275252
0.6953869619522444	0.26557371110288047	0.9274526226894164	0.3031301769275252
0.695799313511176	0.26557371110288047	0.9274526226894164	0.3031301769275252
0.6962116650701078	0.26557371110288047	0.9274526226894164	0.3031301769275252
0.6966240166290394	0.26557371110288047	0.9274526226894164	0.3031301769275252
0.6970363681879712	0.26557371110288047	0.9274526226894164	0.3031301769275252
0.6974487197469028	0.26557371110288047	0.9274526226894164	0.3031301769275252
0.6978610713058346	0.26557371110288047	0.9274526226894164	0.3031301769275252
0.6982734228647662	0.26557371110288047	0.9274526226894164	0.3031301769275252
0.6986857744236981	0.26557371110288047	0.9274526226894164	0.3031301769275252
0.6990981259826297	0.26557371110288047	0.9274526226894164	0.3031301769275252
0.6995104775415614	0.26557371110288047	0.9274526226894164	0.3031301769275252
0.6999228291004931	0.26557371110288047	0.9274526226894164	0.3031301769275252
0.7003351806594248	0.26557371110288047	0.9274526226894164	0.3031301769275252
0.7007475322183565	0.26557371110288047	0.9274526226894164	0.3031301769275252
0.7011598837772882	0.26557371110288047	0.9274526226894164	0.3031301769275252
0.7015722353362199	0.26557371110288047	0.9274526226894164	0.3031301769275252
0.7019845868951516	0.26557371110288047	0.9274526226894164	0.3031301769275252
0.7023969384540834	0.26557371110288047	0.9274526226894164	0.3031301769275252
0.7028092900130151	0.26557371110288047	0.9274526226894164	0.3031301769275252
0.7032216415719468	0.26557371110288047	0.9274526226894164	0.3031301769275252
0.7036339931308785	0.26557371110288047	0.9274526226894164	0.3031301769275252
0.7040463446898102	0.26557371110288047	0.9274526226894164	0.3031301769275252
0.7044586962487419	0.26557371110288047	0.9274526226894164	0.3031301769275252
0.7048710478076736	0.26557371110288047	0.9274526226894164	0.3031301769275252
0.7052833993666053	0.26557371110288047	0.9274526226894164	0.3031301769275252
0.705695750925537	0.26557371110288047	0.9274526226894164	0.3031301769275252
0.7061081024844688	0.26557371110288047	0.9274526226894164	0.3031301769275252
0.7065204540434005	0.26557371110288047	0.9274526226894164	0.3031301769275252
0.7069328056023322	0.26557371110288047	0.9274526226894164	0.3031301769275252
0.7073451571612639	0.26557371110288047	0.9274526226894164	0.3031301769275252
0.7077575087201956	0.26557371110288047	0.9274526226894164	0.3031301769275252
0.7081698602791273	0.26557371110288047	0.9274526226894164	0.3031301769275252
0.708582211838059	0.26557371110288047	0.9274526226894164	0.3031301769275252
0.7089945633969907	0.26557371110288047	0.9274526226894164	0.3031301769275252
0.7094069149559225	0.26557371110288047	0.9274526226894164	0.3031301769275252
0.7098192665148542	0.26557371110288047	0.9274526226894164	0.3031301769275252
0.7102316180737859	0.26557371110288047	0.9274526226894164	0.3031301769275252
0.7106439696327176	0.26557371110288047	0.9274526226894164	0.3031301769275252
0.7110563211916493	0.26557371110288047	0.9274526226894164	0.3031301769275252
0.711468672750581	0.26557371110288047	0.9274526226894164	0.3031301769275252
0.7118810243095127	0.26557371110288047	0.9274526226894164	0.3031301769275252
0.7122933758684444	0.26557371110288047	0.9274526226894164	0.3031301769275252
0.7127057274273761	0.26557371110288047	0.9274526226894164	0.3031301769275252
0.7131180789863079	0.26557371110288047	0.9274526226894164	0.3031301769275252
0.7135304305452396	0.26557371110288047	0.9274526226894164	0.3031301769275252
0.7139427821041713	0.26557371110288047	0.9274526226894164	0.3031301769275252
0.7143551336631029	0.26557371110288047	0.9274526226894164	0.3031301769275252
0.7147674852220347	0.26557371110288047	0.9274526226894164	0.3031301769275252
0.7151798367809663	0.26557371110288047	0.9274526226894164	0.3031301769275252
0.7155921883398981	0.26557371110288047	0.9274526226894164	0.3031301769275252
0.7160045398988297	0.26557371110288047	0.9274526226894164	0.3031301769275252
0.7164168914577616	0.26557371110288047	0.9274526226894164	0.3031301769275252
0.7168292430166932	0.26557371110288047	0.9274526226894164	0.3031301769275252
0.717241594575625	0.26557371110288047	0.9274526226894164	0.3031301769275252
0.7176539461345566	0.26557371110288047	0.9274526226894164	0.3031301769275252
0.7180662976934883	0.26557371110288047	0.9274526226894164	0.3031301769275252
0.71847864925242	0.26557371110288047	0.9274526226894164	0.3031301769275252
0.7188910008113517	0.26557371110288047	0.9274526226894164	0.3031301769275252
0.7193033523702834	0.26557371110288047	0.9274526226894164	0.3031301769275252
0.7197157039292151	0.26557371110288047	0.9274526226894164	0.3031301769275252
0.7201280554881468	0.26557371110288047	0.9274526226894164	0.3031301769275252
0.7205404070470786	0.26557371110288047	0.9274526226894164	0.3031301769275252
0.7209527586060103	0.26557371110288047	0.9274526226894164	0.3031301769275252
0.721365110164942	0.26557371110288047	0.9274526226894164	0.3031301769275252
0.7217774617238737	0.26557371110288047	0.9274526226894164	0.3031301769275252
0.7221898132828054	0.26557371110288047	0.9274526226894164	0.3031301769275252
0.7226021648417371	0.26557371110288047	0.9274526226894164	0.3031301769275252
0.7230145164006688	0.26557371110288047	0.9274526226894164	0.3031301769275252
0.7234268679596005	0.26557371110288047	0.9274526226894164	0.3031301769275252
0.7238392195185323	0.26557371110288047	0.9274526226894164	0.3031301769275252
0.724251571077464	0.26557371110288047	0.9274526226894164	0.3031301769275252
0.7246639226363957	0.26557371110288047	0.9274526226894164	0.3031301769275252
0.7250762741953274	0.26557371110288047	0.9274526226894164	0.3031301769275252
0.7254886257542591	0.26557371110288047	0.9274526226894164	0.3031301769275252
0.7259009773131908	0.26557371110288047	0.9274526226894164	0.3031301769275252
0.7263133288721225	0.26557371110288047	0.9274526226894164	0.3031301769275252
0.7267256804310542	0.26557371110288047	0.9274526226894164	0.3031301769275252
0.727138031989986	0.26557371110288047	0.9274526226894164	0.3031301769275252
0.7275503835489177	0.26557371110288047	0.9274526226894164	0.3031301769275252
0.7279627351078494	0.26557371110288047	0.9274526226894164	0.3031301769275252
0.7283750866667811	0.26557371110288047	0.9274526226894164	0.3031301769275252
0.7287874382257128	0.26557371110288047	0.9274526226894164	0.3031301769275252
0.7291997897846445	0.26557371110288047	0.9274526226894164	0.3031301769275252
0.7296121413435762	0.26557371110288047	0.9274526226894164	0.3031301769275252
0.7300244929025079	0.26557371110288047	0.9274526226894164	0.3031301769275252
0.7304368444614396	0.26557371110288047	0.9274526226894164	0.3031301769275252
0.7308491960203714	0.26557371110288047	0.9274526226894164	0.3031301769275252
0.7312615475793031	0.26557371110288047	0.9274526226894164	0.3031301769275252
0.7316738991382348	0.26557371110288047	0.9274526226894164	0.3031301769275252
0.7320862506971665	0.26557371110288047	0.9274526226894164	0.3031301769275252
0.7324986022560982	0.26557371110288047	0.9274526226894164	0.3031301769275252
0.7329109538150299	0.26557371110288047	0.9274526226894164	0.3031301769275252
0.7333233053739616	0.26557371110288047	0.9274526226894164	0.3031301769275252
0.7337356569328933	0.26557371110288047	0.9274526226894164	0.3031301769275252
0.734148008491825	0.26557371110288047	0.9274526226894164	0.3031301769275252
0.7345603600507566	0.26557371110288047	0.9274526226894164	0.3031301769275252
0.7349727116096885	0.26557371110288047	0.9274526226894164	0.3031301769275252
0.7353850631686201	0.26557371110288047	0.9274526226894164	0.3031301769275252
0.7357974147275519	0.26557371110288047	0.9274526226894164	0.3031301769275252
0.7362097662864835	0.26557371110288047	0.9274526226894164	0.3031301769275252
0.7366221178454153	0.26557371110288047	0.9274526226894164	0.3031301769275252
0.7370344694043469	0.26557371110288047	0.9274526226894164	0.3031301769275252
0.7374468209632787	0.26557371110288047	0.9274526226894164	0.3031301769275252
0.7378591725222103	0.26557371110288047	0.9274526226894164	0.3031301769275252
0.738271524081142	0.26557371110288047	0.9274526226894164	0.3031301769275252
0.7386838756400738	0.26557371110288047	0.9274526226894164	0.3031301769275252
0.7390962271990056	0.26557371110288047	0.9274526226894164	0.3031301769275252
0.7395085787579372	0.26557371110288047	0.9274526226894164	0.3031301769275252
0.7399209303168689	0.26557371110288047	0.9274526226894164	0.3031301769275252
0.7403332818758006	0.26557371110288047	0.9274526226894164	0.3031301769275252
0.7407456334347323	0.26557371110288047	0.9274526226894164	0.3031301769275252
0.741157984993664	0.26557371110288047	0.9274526226894164	0.3031301769275252
0.7415703365525957	0.26557371110288047	0.9274526226894164	0.3031301769275252
0.7419826881115275	0.26557371110288047	0.9274526226894164	0.3031301769275252
0.7423950396704592	0.26557371110288047	0.9274526226894164	0.3031301769275252
0.7428073912293909	0.26557371110288047	0.9274526226894164	0.3031301769275252
0.7432197427883226	0.26557371110288047	0.9274526226894164	0.3031301769275252
0.7436320943472543	0.26557371110288047	0.9274526226894164	0.3031301769275252
0.744044445906186	0.26557371110288047	0.9274526226894164	0.3031301769275252
0.7444567974651177	0.26557371110288047	0.9274526226894164	0.3031301769275252
0.7448691490240494	0.26557371110288047	0.9274526226894164	0.3031301769275252
0.7452815005829811	0.26557371110288047	0.9274526226894164	0.3031301769275252
0.7456938521419129	0.26557371110288047	0.9274526226894164	0.3031301769275252
0.7461062037008446	0.26557371110288047	0.9274526226894164	0.3031301769275252
0.7465185552597763	0.26557371110288047	0.9274526226894164	0.3031301769275252
0.746930906818708	0.26557371110288047	0.9274526226894164	0.3031301769275252
0.7473432583776397	0.26557371110288047	0.9274526226894164	0.3031301769275252
0.7477556099365714	0.26557371110288047	0.9274526226894164	0.3031301769275252
0.7481679614955031	0.26557371110288047	0.9274526226894164	0.3031301769275252
0.7485803130544348	0.26557371110288047	0.9274526226894164	0.3031301769275252
0.7489926646133666	0.26557371110288047	0.9274526226894164	0.3031301769275252
0.7494050161722983	0.26557371110288047	0.9274526226894164	0.3031301769275252
0.74981736773123	0.26557371110288047	0.9274526226894164	0.3031301769275252
0.7502297192901617	0.26557371110288047	0.9274526226894164	0.3031301769275252
0.7506420708490934	0.26557371110288047	0.9274526226894164	0.3031301769275252
0.7510544224080251	0.26557371110288047	0.9274526226894164	0.3031301769275252
0.7514667739669568	0.26557371110288047	0.9274526226894164	0.3031301769275252
0.7518791255258885	0.26557371110288047	0.9274526226894164	0.3031301769275252
0.7522914770848202	0.26557371110288047	0.9274526226894164	0.3031301769275252
0.752703828643752	0.26557371110288047	0.9274526226894164	0.3031301769275252
0.7531161802026837	0.26557371110288047	0.9274526226894164	0.3031301769275252
0.7535285317616154	0.26557371110288047	0.9274526226894164	0.3031301769275252
0.7539408833205471	0.26557371110288047	0.9274526226894164	0.3031301769275252
0.7543532348794788	0.26557371110288047	0.9274526226894164	0.3031301769275252
0.7547655864384104	0.26557371110288047	0.9274526226894164	0.3031301769275252
0.7551779379973422	0.26557371110288047	0.9274526226894164	0.3031301769275252
0.7555902895562738	0.26557371110288047	0.9274526226894164	0.3031301769275252
0.7560026411152057	0.26557371110288047	0.9274526226894164	0.3031301769275252
0.7564149926741373	0.26557371110288047	0.9274526226894164	0.3031301769275252
0.7568273442330691	0.26557371110288047	0.9274526226894164	0.3031301769275252
0.7572396957920007	0.26557371110288047	0.9274526226894164	0.3031301769275252
0.7576520473509325	0.26557371110288047	0.9274526226894164	0.3031301769275252
0.7580643989098641	0.26557371110288047	0.9274526226894164	0.3031301769275252
0.7584767504687959	0.26557371110288047	0.9274526226894164	0.3031301769275252
0.7588891020277275	0.26557371110288047	0.9274526226894164	0.3031301769275252
0.7593014535866593	0.26557371110288047	0.9274526226894164	0.3031301769275252
0.759713805145591	0.26557371110288047	0.9274526226894164	0.3031301769275252
0.7601261567045228	0.26557371110288047	0.9274526226894164	0.3031301769275252
0.7605385082634544	0.26557371110288047	0.9274526226894164	0.3031301769275252
0.7609508598223862	0.26557371110288047	0.9274526226894164	0.3031301769275252
0.7613632113813178	0.26557371110288047	0.9274526226894164	0.3031301769275252
0.7617755629402496	0.26557371110288047	0.9274526226894164	0.3031301769275252
0.7621879144991812	0.26557371110288047	0.9274526226894164	0.3031301769275252
0.762600266058113	0.26557371110288047	0.9274526226894164	0.3031301769275252
0.7630126176170446	0.26557371110288047	0.9274526226894164	0.3031301769275252
0.7634249691759765	0.26557371110288047	0.9274526226894164	0.3031301769275252
0.7638373207349081	0.26557371110288047	0.9274526226894164	0.3031301769275252
0.7642496722938399	0.26557371110288047	0.9274526226894164	0.3031301769275252
0.7646620238527715	0.26557371110288047	0.9274526226894164	0.3031301769275252
0.7650743754117033	0.26557371110288047	0.9274526226894164	0.3031301769275252
0.7654867269706349	0.26557371110288047	0.9274526226894164	0.3031301769275252
0.7658990785295666	0.26557371110288047	0.9274526226894164	0.3031301769275252
0.7663114300884983	0.26557371110288047	0.9274526226894164	0.3031301769275252
0.7667237816474302	0.26557371110288047	0.9274526226894164	0.3031301769275252
0.7671361332063618	0.26557371110288047	0.9274526226894164	0.3031301769275252
0.7675484847652935	0.26557371110288047	0.9274526226894164	0.3031301769275252
0.7679608363242252	0.26557371110288047	0.9274526226894164	0.3031301769275252
0.7683731878831569	0.26557371110288047	0.9274526226894164	0.3031301769275252
0.7687855394420886	0.26557371110288047	0.9274526226894164	0.3031301769275252
0.7691978910010203	0.26557371110288047	0.9274526226894164	0.3031301769275252
0.769610242559952	0.26557371110288047	0.9274526226894164	0.3031301769275252
0.7700225941188837	0.26557371110288047	0.9274526226894164	0.3031301769275252
0.7704349456778155	0.26557371110288047	0.9274526226894164	0.3031301769275252
0.7708472972367472	0.26557371110288047	0.9274526226894164	0.3031301769275252
0.7712596487956789	0.26557371110288047	0.9274526226894164	0.3031301769275252
0.7716720003546106	0.26557371110288047	0.9274526226894164	0.3031301769275252
0.7720843519135423	0.26557371110288047	0.9274526226894164	0.3031301769275252
0.772496703472474	0.26557371110288047	0.9274526226894164	0.3031301769275252
0.7729090550314057	0.26557371110288047	0.9274526226894164	0.3031301769275252
0.7733214065903374	0.26557371110288047	0.9274526226894164	0.3031301769275252
0.7737337581492691	0.26557371110288047	0.9274526226894164	0.3031301769275252
0.7741461097082009	0.26557371110288047	0.9274526226894164	0.3031301769275252
0.7745584612671326	0.26557371110288047	0.9274526226894164	0.3031301769275252
0.7749708128260642	0.26557371110288047	0.9274526226894164	0.3031301769275252
0.775383164384996	0.26557371110288047	0.9274526226894164	0.3031301769275252
0.7757955159439277	0.26557371110288047	0.9274526226894164	0.3031301769275252
0.7762078675028594	0.26557371110288047	0.9274526226894164	0.3031301769275252
0.776620219061791	0.26557371110288047	0.9274526226894164	0.3031301769275252
0.7770325706207228	0.26557371110288047	0.9274526226894164	0.3031301769275252
0.7774449221796544	0.26557371110288047	0.9274526226894164	0.3031301769275252
0.7778572737385863	0.26557371110288047	0.9274526226894164	0.3031301769275252
0.7782696252975179	0.26557371110288047	0.9274526226894164	0.3031301769275252
0.7786819768564497	0.26557371110288047	0.9274526226894164	0.3031301769275252
0.7790943284153813	0.26557371110288047	0.9274526226894164	0.3031301769275252
0.7795066799743131	0.26557371110288047	0.9274526226894164	0.3031301769275252
0.7799190315332447	0.26557371110288047	0.9274526226894164	0.3031301769275252
0.7803313830921765	0.26557371110288047	0.9274526226894164	0.3031301769275252
0.7807437346511081	0.26557371110288047	0.9274526226894164	0.3031301769275252
0.78115608621004	0.26557371110288047	0.9274526226894164	0.3031301769275252
0.7815684377689716	0.26557371110288047	0.9274526226894164	0.3031301769275252
0.7819807893279034	0.26557371110288047	0.9274526226894164	0.3031301769275252
0.782393140886835	0.26557371110288047	0.9274526226894164	0.3031301769275252
0.7828054924457668	0.26557371110288047	0.9274526226894164	0.3031301769275252
0.7832178440046984	0.26557371110288047	0.9274526226894164	0.3031301769275252
0.7836301955636302	0.26557371110288047	0.9274526226894164	0.3031301769275252
0.7840425471225618	0.26557371110288047	0.9274526226894164	0.3031301769275252
0.7844548986814937	0.26557371110288047	0.9274526226894164	0.3031301769275252
0.7848672502404253	0.26557371110288047	0.9274526226894164	0.3031301769275252
0.7852796017993571	0.26557371110288047	0.9274526226894164	0.3031301769275252
0.7856919533582887	0.26557371110288047	0.9274526226894164	0.3031301769275252
0.7861043049172204	0.26557371110288047	0.9274526226894164	0.3031301769275252
0.7865166564761521	0.26557371110288047	0.9274526226894164	0.3031301769275252
0.7869290080350839	0.26557371110288047	0.9274526226894164	0.3031301769275252
0.7873413595940155	0.26557371110288047	0.9274526226894164	0.3031301769275252
0.7877537111529472	0.26557371110288047	0.9274526226894164	0.3031301769275252
0.788166062711879	0.26557371110288047	0.9274526226894164	0.3031301769275252
0.7885784142708108	0.26557371110288047	0.9274526226894164	0.3031301769275252
0.7889907658297424	0.26557371110288047	0.9274526226894164	0.3031301769275252
0.7894031173886741	0.26557371110288047	0.9274526226894164	0.3031301769275252
0.7898154689476058	0.26557371110288047	0.9274526226894164	0.3031301769275252
0.7902278205065375	0.26557371110288047	0.9274526226894164	0.3031301769275252
0.7906401720654692	0.26557371110288047	0.9274526226894164	0.3031301769275252
0.7910525236244009	0.26557371110288047	0.9274526226894164	0.3031301769275252
0.7914648751833326	0.26557371110288047	0.9274526226894164	0.3031301769275252
0.7918772267422644	0.26557371110288047	0.9274526226894164	0.3031301769275252
0.7922895783011961	0.26557371110288047	0.9274526226894164	0.3031301769275252
0.7927019298601278	0.26557371110288047	0.9274526226894164	0.3031301769275252
0.7931142814190595	0.26557371110288047	0.9274526226894164	0.3031301769275252
0.7935266329779911	0.26557371110288047	0.9274526226894164	0.3031301769275252
0.7939389845369229	0.26557371110288047	0.9274526226894164	0.3031301769275252
0.7943513360958546	0.26557371110288047	0.9274526226894164	0.3031301769275252
0.7947636876547863	0.26557371110288047	0.9274526226894164	0.3031301769275252
0.7951760392137179	0.26557371110288047	0.9274526226894164	0.3031301769275252
0.7955883907726498	0.26557371110288047	0.9274526226894164	0.3031301769275252
0.7960007423315815	0.26557371110288047	0.9274526226894164	0.3031301769275252
0.7964130938905132	0.26557371110288047	0.9274526226894164	0.3031301769275252
0.7968254454494448	0.26557371110288047	0.9274526226894164	0.3031301769275252
0.7972377970083766	0.26557371110288047	0.9274526226894164	0.3031301769275252
0.7976501485673082	0.26557371110288047	0.9274526226894164	0.3031301769275252
0.79806250012624	0.26557371110288047	0.9274526226894164	0.3031301769275252
0.7984748516851716	0.26557371110288047	0.9274526226894164	0.3031301769275252
0.7988872032441034	0.26557371110288047	0.9274526226894164	0.3031301769275252
0.799299554803035	0.26557371110288047	0.9274526226894164	0.3031301769275252
0.7997119063619669	0.26557371110288047	0.9274526226894164	0.3031301769275252
0.8001242579208985	0.26557371110288047	0.9274526226894164	0.3031301769275252
0.8005366094798303	0.26557371110288047	0.9274526226894164	0.3031301769275252
0.8009489610387619	0.26557371110288047	0.9274526226894164	0.3031301769275252
0.8013613125976937	0.26557371110288047	0.9274526226894164	0.3031301769275252
0.8017736641566253	0.26557371110288047	0.9274526226894164	0.3031301769275252
0.8021860157155571	0.26557371110288047	0.9274526226894164	0.3031301769275252
0.8025983672744887	0.26557371110288047	0.9274526226894164	0.3031301769275252
0.8030107188334206	0.26557371110288047	0.9274526226894164	0.3031301769275252
0.8034230703923522	0.26557371110288047	0.9274526226894164	0.3031301769275252
0.803835421951284	0.26557371110288047	0.9274526226894164	0.3031301769275252
0.8042477735102156	0.26557371110288047	0.9274526226894164	0.3031301769275252
0.8046601250691474	0.26557371110288047	0.9274526226894164	0.3031301769275252
0.805072476628079	0.26557371110288047	0.9274526226894164	0.3031301769275252
0.8054848281870108	0.26557371110288047	0.9274526226894164	0.3031301769275252
0.8058971797459424	0.26557371110288047	0.9274526226894164	0.3031301769275252
0.8063095313048741	0.26557371110288047	0.9274526226894164	0.3031301769275252
0.8067218828638059	0.26557371110288047	0.9274526226894164	0.3031301769275252
0.8071342344227377	0.26557371110288047	0.9274526226894164	0.3031301769275252
0.8075465859816693	0.26557371110288047	0.9274526226894164	0.3031301769275252
0.807958937540601	0.26557371110288047	0.9274526226894164	0.3031301769275252
0.8083712890995327	0.26557371110288047	0.9274526226894164	0.3031301769275252
0.8087836406584645	0.26557371110288047	0.9274526226894164	0.3031301769275252
0.8091959922173961	0.26557371110288047	0.9274526226894164	0.3031301769275252
0.8096083437763278	0.26557371110288047	0.9274526226894164	0.3031301769275252
0.8100206953352596	0.26557371110288047	0.9274526226894164	0.3031301769275252
0.8104330468941913	0.26557371110288047	0.9274526226894164	0.3031301769275252
0.810845398453123	0.26557371110288047	0.9274526226894164	0.3031301769275252
0.8112577500120547	0.26557371110288047	0.9274526226894164	0.3031301769275252
0.8116701015709864	0.26557371110288047	0.9274526226894164	0.3031301769275252
0.8120824531299181	0.26557371110288047	0.9274526226894164	0.3031301769275252
0.8124948046888498	0.26557371110288047	0.9274526226894164	0.3031301769275252
0.8129071562477815	0.26557371110288047	0.9274526226894164	0.3031301769275252
0.8133195078067132	0.26557371110288047	0.9274526226894164	0.3031301769275252
0.8137318593656448	0.26557371110288047	0.9274526226894164	0.3031301769275252
0.8141442109245767	0.26557371110288047	0.9274526226894164	0.3031301769275252
0.8145565624835084	0.26557371110288047	0.9274526226894164	0.3031301769275252
0.8149689140424401	0.26557371110288047	0.9274526226894164	0.3031301769275252
0.8153812656013717	0.26557371110288047	0.9274526226894164	0.3031301769275252
0.8157936171603035	0.26557371110288047	0.9274526226894164	0.3031301769275252
0.8162059687192352	0.26557371110288047	0.9274526226894164	0.3031301769275252
0.8166183202781669	0.26557371110288047	0.9274526226894164	0.3031301769275252
0.8170306718370985	0.26557371110288047	0.9274526226894164	0.3031301769275252
0.8174430233960304	0.26557371110288047	0.9274526226894164	0.3031301769275252
0.817855374954962	0.26557371110288047	0.9274526226894164	0.3031301769275252
0.8182677265138938	0.26557371110288047	0.9274526226894164	0.3031301769275252
0.8186800780728254	0.26557371110288047	0.9274526226894164	0.3031301769275252
0.8190924296317572	0.26557371110288047	0.9274526226894164	0.3031301769275252
0.8195047811906888	0.26557371110288047	0.9274526226894164	0.3031301769275252
0.8199171327496206	0.26557371110288047	0.9274526226894164	0.3031301769275252
0.8203294843085522	0.26557371110288047	0.9274526226894164	0.3031301769275252
0.8207418358674841	0.26557371110288047	0.9274526226894164	0.3031301769275252
0.8211541874264157	0.26557371110288047	0.9274526226894164	0.3031301769275252
0.8215665389853475	0.26557371110288047	0.9274526226894164	0.3031301769275252
0.8219788905442791	0.26557371110288047	0.9274526226894164	0.3031301769275252
0.8223912421032109	0.26557371110288047	0.9274526226894164	0.3031301769275252
0.8228035936621425	0.26557371110288047	0.9274526226894164	0.3031301769275252
0.8232159452210743	0.26557371110288047	0.9274526226894164	0.3031301769275252
0.8236282967800059	0.26557371110288047	0.9274526226894164	0.3031301769275252
0.8240406483389378	0.26557371110288047	0.9274526226894164	0.3031301769275252
0.8244529998978694	0.26557371110288047	0.9274526226894164	0.3031301769275252
0.8248653514568012	0.26557371110288047	0.9274526226894164	0.3031301769275252
0.8252777030157328	0.26557371110288047	0.9274526226894164	0.3031301769275252
0.8256900545746646	0.26557371110288047	0.9274526226894164	0.3031301769275252
0.8261024061335962	0.26557371110288047	0.9274526226894164	0.3031301769275252
0.8265147576925279	0.26557371110288047	0.9274526226894164	0.3031301769275252
0.8269271092514596	0.26557371110288047	0.9274526226894164	0.3031301769275252
0.8273394608103914	0.26557371110288047	0.9274526226894164	0.3031301769275252
0.827751812369323	0.26557371110288047	0.9274526226894164	0.3031301769275252
0.8281641639282548	0.26557371110288047	0.9274526226894164	0.3031301769275252
0.8285765154871865	0.26557371110288047	0.9274526226894164	0.3031301769275252
0.8289888670461183	0.26557371110288047	0.9274526226894164	0.3031301769275252
0.8294012186050499	0.26557371110288047	0.9274526226894164	0.3031301769275252
0.8298135701639816	0.26557371110288047	0.9274526226894164	0.3031301769275252
0.8302259217229133	0.26557371110288047	0.9274526226894164	0.3031301769275252
0.830638273281845	0.26557371110288047	0.9274526226894164	0.3031301769275252
0.8310506248407767	0.26557371110288047	0.9274526226894164	0.3031301769275252
0.8314629763997085	0.26557371110288047	0.9274526226894164	0.3031301769275252
0.8318753279586402	0.26557371110288047	0.9274526226894164	0.3031301769275252
0.8322876795175719	0.26557371110288047	0.9274526226894164	0.3031301769275252
0.8327000310765036	0.26557371110288047	0.9274526226894164	0.3031301769275252
0.8331123826354353	0.26557371110288047	0.9274526226894164	0.3031301769275252
0.833524734194367	0.26557371110288047	0.9274526226894164	0.3031301769275252
0.8339370857532986	0.26557371110288047	0.9274526226894164	0.3031301769275252
0.8343494373122304	0.26557371110288047	0.9274526226894164	0.3031301769275252
0.8347617888711621	0.26557371110288047	0.9274526226894164	0.3031301769275252
0.8351741404300939	0.26557371110288047	0.9274526226894164	0.3031301769275252
0.8355864919890255	0.26557371110288047	0.9274526226894164	0.3031301769275252
0.8359988435479573	0.26557371110288047	0.9274526226894164	0.3031301769275252
0.836411195106889	0.26557371110288047	0.9274526226894164	0.3031301769275252
0.8368235466658207	0.26557371110288047	0.9274526226894164	0.3031301769275252
0.8372358982247523	0.26557371110288047	0.9274526226894164	0.3031301769275252
0.8376482497836841	0.26557371110288047	0.9274526226894164	0.3031301769275252
0.8380606013426157	0.26557371110288047	0.9274526226894164	0.3031301769275252
0.8384729529015476	0.26557371110288047	0.9274526226894164	0.3031301769275252
0.8388853044604792	0.26557371110288047	0.9274526226894164	0.3031301769275252
0.839297656019411	0.26557371110288047	0.9274526226894164	0.3031301769275252
0.8397100075783426	0.26557371110288047	0.9274526226894164	0.3031301769275252
0.8401223591372744	0.26557371110288047	0.9274526226894164	0.3031301769275252
0.840534710696206	0.26557371110288047	0.9274526226894164	0.3031301769275252
0.8409470622551378	0.26557371110288047	0.9274526226894164	0.3031301769275252
0.8413594138140694	0.26557371110288047	0.9274526226894164	0.3031301769275252
0.8417717653730012	0.26557371110288047	0.9274526226894164	0.3031301769275252
0.8421841169319328	0.26557371110288047	0.9274526226894164	0.3031301769275252
0.8425964684908647	0.26557371110288047	0.9274526226894164	0.3031301769275252
0.8430088200497963	0.26557371110288047	0.9274526226894164	0.3031301769275252
0.8434211716087281	0.26557371110288047	0.9274526226894164	0.3031301769275252
0.8438335231676597	0.26557371110288047	0.9274526226894164	0.3031301769275252
0.8442458747265915	0.26557371110288047	0.9274526226894164	0.3031301769275252
0.8446582262855231	0.26557371110288047	0.9274526226894164	0.3031301769275252
0.8450705778444549	0.26557371110288047	0.9274526226894164	0.3031301769275252
0.8454829294033865	0.26557371110288047	0.9274526226894164	0.3031301769275252
0.8458952809623184	0.26557371110288047	0.9274526226894164	0.3031301769275252
0.84630763252125	0.26557371110288047	0.9274526226894164	0.3031301769275252
0.8467199840801817	0.26557371110288047	0.9274526226894164	0.3031301769275252
0.8471323356391134	0.26557371110288047	0.9274526226894164	0.3031301769275252
0.8475446871980452	0.26557371110288047	0.9274526226894164	0.3031301769275252
0.8479570387569768	0.26557371110288047	0.9274526226894164	0.3031301769275252
0.8483693903159085	0.26557371110288047	0.9274526226894164	0.3031301769275252
0.8487817418748402	0.26557371110288047	0.9274526226894164	0.3031301769275252
0.8491940934337721	0.26557371110288047	0.9274526226894164	0.3031301769275252
0.8496064449927037	0.26557371110288047	0.9274526226894164	0.3031301769275252
0.8500187965516354	0.26557371110288047	0.9274526226894164	0.3031301769275252
0.8504311481105671	0.26557371110288047	0.9274526226894164	0.3031301769275252
0.8504311481105671	0.125	0.0	0.1
0.85218330385112	0.125	0.0	0.1
0.8539354595916728	0.125	0.0	0.1
0.8556876153322256	0.125	0.0	0.1
0.8574397710727785	0.125	0.0	0.1
0.8591919268133312	0.125	0.0	0.1
0.8609440825538841	0.125	0.0	0.1
0.862696238294437	0.125	0.0	0.1
0.8644483940349899	0.125	0.0	0.1
0.8662005497755426	0.125	0.0	0.1
0.8679527055160955	0.125	0.0	0.1
0.8697048612566483	0.125	0.0	0.1
0.8714570169972011	0.125	0.0	0.1
0.873209172737754	0.125	0.0	0.1
0.8749613284783069	0.125	0.0	0.1
0.8767134842188596	0.125	0.0	0.1
0.8784656399594125	0.125	0.0	0.1
0.8802177956999653	0.125	0.0	0.1
0.8819699514405182	0.125	0.0	0.1
0.883722107181071	0.125	0.0	0.1
0.8854742629216239	0.125	0.0	0.1
0.8872264186621766	0.125	0.0	0.1
0.8889785744027295	0.125	0.0	0.1
0.8907307301432823	0.125	0.0	0.1
0.8924828858838352	0.125	0.0	0.1
0.894235041624388	0.125	0.0	0.1
0.8959871973649407	0.125	0.0	0.1
0.8977393531054936	0.125	0.0	0.1
0.8994915088460465	0.125	0.0	0.1
0.9012436645865993	0.125	0.0	0.1
0.9029958203271522	0.125	0.0	0.1
0.9047479760677051	0.125	0.0	0.1
0.9065001318082577	0.125	0.0	0.1
0.9082522875488107	0.125	0.0	0.1
0.9100044432893635	0.125	0.0	0.1
0.9117565990299163	0.125	0.0	0.1
0.9135087547704692	0.125	0.0	0.1
0.9152609105110221	0.125	0.0	0.1
0.9170130662515749	0.125	0.0	0.1
0.9187652219921276	0.125	0.0	0.1
0.9205173777326805	0.125	0.0	0.1
0.9222695334732334	0.125	0.0	0.1
0.9240216892137862	0.125	0.0	0.1
0.9257738449543391	0.125	0.0	0.1
0.9275260006948918	0.125	0.0	0.1
0.9292781564354448	0.125	0.0	0.1
0.9310303121759975	0.125	0.0	0.1
0.9327824679165504	0.125	0.0	0.1
0.9345346236571032	0.125	0.0	0.1
0.9362867793976561	0.125	0.0	0.1
0.9380389351382089	0.125	0.0	0.1
0.9397910908787617	0.125	0.0	0.1
0.9415432466193145	0.125	0.0	0.1
0.9432954023598674	0.125	0.0	0.1
0.9450475581004203	0.125	0.0	0.1
0.9467997138409731	0.125	0.0	0.1
0.9485518695815258	0.125	0.0	0.1
0.9503040253220788	0.125	0.0	0.1
0.9520561810626316	0.125	0.0	0.1
0.9538083368031844	0.125	0.0	0.1
0.9555604925437372	0.125	0.0	0.1
0.95731264828429	0.125	0.0	0.1
0.959064804024843	0.125	0.0	0.1
0.9608169597653957	0.125	0.0	0.1
0.9625691155059486	0.125	0.0	0.1
0.9643212712465014	0.125	0.0	0.1
0.9660734269870543	0.125	0.0	0.1
0.9678255827276071	0.125	0.0	0.1
0.9695777384681599	0.125	0.0	0.1
0.9713298942087127	0.125	0.0	0.1
0.9730820499492656	0.125	0.0	0.1
0.9748342056898185	0.125	0.0	0.1
0.9765863614303713	0.125	0.0	0.1
0.978338517170924	0.125	0.0	0.1
0.980090672911477	0.125	0.0	0.1
0.9818428286520298	0.125	0.0	0.1
0.9835949843925826	0.125	0.0	0.1
0.9853471401331354	0.125	0.0	0.1
0.9870992958736884	0.125	0.0	0.1
0.9888514516142412	0.125	0.0	0.1
0.9906036073547939	0.125	0.0	0.1
0.9923557630953468	0.125	0.0	0.1
0.9941079188358997	0.125	0.0	0.1
0.9958600745764525	0.125	0.0	0.1
0.9976122303170052	0.125	0.0	0.1
0.9993643860575581	0.125	0.0	0.1
1.001116541798111	0.125	0.0	0.1
1.0028686975386638	0.125	0.0	0.1
1.0046208532792167	0.125	0.0	0.1
1.0063730090197693	0.125	0.0	0.1
1.0081251647603224	0.125	0.0	0.1
1.009877320500875	0.125	0.0	0.1
1.011629476241428	0.125	0.0	0.1
1.0133816319819808	0.125	0.0	0.1
1.0151337877225335	0.125	0.0	0.1
1.0168859434630866	0.125	0.0	0.1
1.0186380992036392	0.125	0.0	0.1
1.020390254944192	0.125	0.0	0.1
1.022142410684745	0.125	0.0	0.1
1.0238945664252979	0.125	0.0	0.1
1.0256467221658507	0.125	0.0	0.1
1.0273988779064034	0.125	0.0	0.1
1.0291510336469565	0.125	0.0	0.1
1.0309031893875091	0.125	0.0	0.1
1.032655345128062	0.125	0.0	0.1
1.0344075008686149	0.125	0.0	0.1
1.0361596566091675	0.125	0.0	0.1
1.0379118123497206	0.125	0.0	0.1
1.0396639680902733	0.125	0.0	0.1
1.0414161238308262	0.125	0.0	0.1
1.043168279571379	0.125	0.0	0.1
1.044920435311932	0.125	0.0	0.1
1.0466725910524848	0.125	0.0	0.1
1.0484247467930374	0.125	0.0	0.1
1.0501769025335905	0.125	0.0	0.1
1.0519290582741432	0.125	0.0	0.1
1.053681214014696	0.125	0.0	0.1
1.055433369755249	0.125	0.0	0.1
1.0571855254958016	0.125	0.0	0.1
1.0589376812363547	0.125	0.0	0.1
1.0606898369769073	0.125	0.0	0.1
1.0624419927174602	0.125	0.0	0.1
1.064194148458013	0.125	0.0	0.1
1.0659463041985657	0.125	0.0	0.1
1.0676984599391188	0.125	0.0	0.1
1.0694506156796715	0.125	0.0	0.1
1.0712027714202244	0.125	0.0	0.1
1.0729549271607772	0.125	0.0	0.1
1.07470708290133	0.125	0.0	0.1
1.076459238641883	0.125	0.0	0.1
1.0782113943824356	0.125	0.0	0.1
1.0799635501229887	0.125	0.0	0.1
1.0817157058635414	0.125	0.0	0.1
1.0834678616040943	0.125	0.0	0.1
1.0852200173446471	0.125	0.0	0.1
1.0869721730851998	0.125	0.0	0.1
1.0887243288257529	0.125	0.0	0.1
1.0904764845663055	0.125	0.0	0.1
1.0922286403068584	0.125	0.0	0.1
1.0939807960474113	0.125	0.0	0.1
1.0957329517879641	0.125	0.0	0.1
1.097485107528517	0.125	0.0	0.1
1.0992372632690697	0.125	0.0	0.1
1.1009894190096225	0.125	0.0	0.1
1.1027415747501754	0.125	0.0	0.1
1.1044937304907283	0.125	0.0	0.1
1.1062458862312812	0.125	0.0	0.1
1.1079980419718338	0.125	0.0	0.1
1.109750197712387	0.125	0.0	0.1
1.1115023534529396	0.125	0.0	0.1
1.1132545091934924	0.125	0.0	0.1
1.1150066649340453	0.125	0.0	0.1
1.116758820674598	0.125	0.0	0.1
1.118510976415151	0.125	0.0	0.1
1.1202631321557037	0.125	0.0	0.1
1.1220152878962566	0.125	0.0	0.1
1.1237674436368095	0.125	0.0	0.1
1.1255195993773623	0.125	0.0	0.1
1.1272717551179152	0.125	0.0	0.1
1.1290239108584679	0.125	0.0	0.1
1.130776066599021	0.125	0.0	0.1
1.1325282223395736	0.125	0.0	0.1
1.1342803780801265	0.125	0.0	0.1
1.1360325338206794	0.125	0.0	0.1
1.137784689561232	0.125	0.0	0.1
1.1395368453017851	0.125	0.0	0.1
1.1412890010423378	0.125	0.0	0.1
1.1430411567828906	0.125	0.0	0.1
1.1447933125234435	0.125	0.0	0.1
1.1465454682639962	0.125	0.0	0.1
1.1482976240045493	0.125	0.0	0.1
1.150049779745102	0.125	0.0	0.1
1.1518019354856548	0.125	0.0	0.1
1.1535540912262077	0.125	0.0	0.1
1.1553062469667605	0.125	0.0	0.1
1.1570584027073134	0.125	0.0	0.1
1.158810558447866	0.125	0.0	0.1
1.1605627141884192	0.125	0.0	0.1
1.1623148699289718	0.125	0.0	0.1
1.1640670256695247	0.125	0.0	0.1
1.1658191814100776	0.125	0.0	0.1
1.1675713371506302	0.125	0.0	0.1
1.1693234928911833	0.125	0.0	0.1
1.171075648631736	0.125	0.0	0.1
1.1728278043722888	0.125	0.0	0.1
1.1745799601128417	0.125	0.0	0.1
1.1763321158533946	0.125	0.0	0.1
1.1780842715939475	0.125	0.0	0.1
1.1798364273345001	0.125	0.0	0.1
1.1815885830750532	0.125	0.0	0.1
1.1833407388156059	0.125	0.0	0.1
1.1850928945561587	0.125	0.0	0.1
1.1868450502967116	0.125	0.0	0.1
1.1885972060372643	0.125	0.0	0.1
1.1903493617778174	0.125	0.0	0.1
1.19210151751837	0.125	0.0	0.1
1.1938536732589229	0.125	0.0	0.1
1.1956058289994758	0.125	0.0	0.1
1.1973579847400284	0.125	0.0	0.1
1.1991101404805815	0.125	0.0	0.1
