-0.18472691925560836	0.445	0.698	3.528
-0.1830151019574694	0.445	0.698	3.528
-0.18130328465933032	0.445	0.698	3.528
-0.17959146736119147	0.445	0.698	3.528
-0.17787965006305229	0.445	0.698	3.528
-0.17616783276491332	0.445	0.698	3.528
-0.17445601546677436	0.445	0.698	3.528
-0.1727441981686353	0.445	0.698	3.528
-0.17103238087049621	0.445	0.698	3.528
-0.16932056357235725	0.445	0.698	3.528
-0.16760874627421818	0.445	0.698	3.528
-0.1658969289760791	0.445	0.698	3.528
-0.16418511167794014	0.445	0.698	3.528
-0.16247329437980118	0.445	0.698	3.528
-0.1607614770816621	0.445	0.698	3.528
-0.15904965978352315	0.445	0.698	3.528
-0.15733784248538407	0.445	0.698	3.528
-0.1556260251872451	0.445	0.698	3.528
-0.15391420788910604	0.445	0.698	3.528
-0.15220239059096696	0.445	0.698	3.528
-0.150490573292828	0.445	0.698	3.528
-0.14877875599468893	0.445	0.698	3.528
-0.14706693869654985	0.445	0.698	3.528
-0.1453551213984109	0.445	0.698	3.528
-0.14364330410027182	0.445	0.698	3.528
-0.14193148680213297	0.445	0.698	3.528
-0.1402196695039939	0.445	0.698	3.528
-0.13850785220585482	0.445	0.698	3.528
-0.13679603490771586	0.445	0.698	3.528
-0.13508421760957678	0.445	0.698	3.528
-0.1333724003114377	0.445	0.698	3.528
-0.13166058301329875	0.445	0.698	3.528
-0.1299487657151598	0.445	0.698	3.528
-0.1282369484170206	0.445	0.698	3.528
-0.12652513111888175	0.445	0.698	3.528
-0.12481331382074268	0.445	0.698	3.528
-0.12310149652260372	0.445	0.698	3.528
-0.12138967922446464	0.445	0.698	3.528
-0.11967786192632557	0.445	0.698	3.528
-0.1179660446281866	0.445	0.698	3.528
-0.11625422733004753	0.445	0.698	3.528
-0.11454241003190846	0.445	0.698	3.528
-0.11283059273376961	0.445	0.698	3.528
-0.11111877543563042	0.445	0.698	3.528
-0.10940695813749157	0.445	0.698	3.528
-0.1076951408393525	0.445	0.698	3.528
-0.10598332354121343	0.445	0.698	3.528
-0.10427150624307446	0.445	0.698	3.528
-0.10255968894493539	0.445	0.698	3.528
-0.10084787164679632	0.445	0.698	3.528
-0.09913605434865735	0.445	0.698	3.528
-0.09742423705051839	0.445	0.698	3.528
-0.09571241975237932	0.445	0.698	3.528
-0.09400060245424025	0.445	0.698	3.528
-0.09228878515610128	0.445	0.698	3.528
-0.09057696785796232	0.445	0.698	3.528
-0.08886515055982325	0.445	0.698	3.528
-0.08715333326168417	0.445	0.698	3.528
-0.08544151596354521	0.445	0.698	3.528
-0.08372969866540625	0.445	0.698	3.528
-0.08201788136726706	0.445	0.698	3.528
-0.08030606406912821	0.445	0.698	3.528
-0.07859424677098914	0.445	0.698	3.528
-0.07688242947285007	0.445	0.698	3.528
-0.0751706121747111	0.445	0.698	3.528
-0.07345879487657203	0.445	0.698	3.528
-0.07174697757843296	0.445	0.698	3.528
-0.070035160280294	0.445	0.698	3.528
-0.06832334298215492	0.445	0.698	3.528
-0.06661152568401596	0.445	0.698	3.528
-0.06489970838587689	0.445	0.698	3.528
-0.06318789108773792	0.445	0.698	3.528
-0.06147607378959896	0.445	0.698	3.528
-0.05976425649145989	0.445	0.698	3.528
-0.058052439193320815	0.445	0.698	3.528
-0.05634062189518185	0.445	0.698	3.528
-0.05462880459704278	0.445	0.698	3.528
-0.052916987298903706	0.445	0.698	3.528
-0.051205170000764744	0.445	0.698	3.528
-0.04949335270262567	0.445	0.698	3.528
-0.04778153540448682	0.445	0.698	3.528
-0.046069718106347746	0.445	0.698	3.528
-0.04435790080820856	0.445	0.698	3.528
-0.04264608351006971	0.445	0.698	3.528
-0.04093426621193064	0.445	0.698	3.528
-0.03922244891379156	0.445	0.698	3.528
-0.0375106316156526	0.445	0.698	3.528
-0.03579881431751353	0.445	0.698	3.528
-0.034086997019374676	0.445	0.698	3.528
-0.03237517972123549	0.445	0.698	3.528
-0.03066336242309653	0.445	0.698	3.528
-0.028951545124957567	0.445	0.698	3.528
-0.027239727826818494	0.445	0.698	3.528
-0.02552791052867942	0.445	0.698	3.528
-0.023816093230540458	0.445	0.698	3.528
-0.022104275932401385	0.445	0.698	3.528
-0.02039245863426231	0.445	0.698	3.528
-0.01868064133612346	0.445	0.698	3.528
-0.016968824037984387	0.445	0.698	3.528
-0.015257006739845314	0.445	0.698	3.528
-0.013545189441706351	0.445	0.698	3.528
-0.011833372143567278	0.445	0.698	3.528
-0.010121554845428316	0.445	0.698	3.528
-0.008409737547289131	0.445	0.698	3.528
-0.006697920249150169	0.445	0.698	3.528
-0.0049861029510112065	0.445	0.698	3.528
-0.003274285652872244	0.445	0.698	3.528
-0.0015624683547330598	0.445	0.698	3.528
0.00014934894340584703	0.445	0.698	3.528
0.0018611662415448649	0.445	0.698	3.528
0.0035729835396839382	0.445	0.698	3.528
0.005284800837822956	0.445	0.698	3.528
0.006996618135961974	0.445	0.698	3.528
0.008708435434100936	0.445	0.698	3.528
0.01042025273224001	0.445	0.698	3.528
0.012132070030379027	0.445	0.698	3.528
0.013843887328518045	0.445	0.698	3.528
0.015555704626657063	0.445	0.698	3.528
0.017267521924796025	0.445	0.698	3.528
0.018979339222935043	0.445	0.698	3.528
0.020691156521074172	0.445	0.698	3.528
0.022402973819213134	0.445	0.698	3.528
0.024114791117352097	0.445	0.698	3.528
0.025826608415491226	0.445	0.698	3.528
0.027538425713630243	0.445	0.698	3.528
0.029250243011769206	0.445	0.698	3.528
0.030962060309908168	0.445	0.698	3.528
0.0326738776080473	0.445	0.698	3.528
0.034385694906186315	0.445	0.698	3.528
0.03609751220432528	0.445	0.698	3.528
0.037809329502464295	0.445	0.698	3.528
0.03952114680060337	0.445	0.698	3.528
0.041232964098742386	0.445	0.698	3.528
0.042944781396881404	0.445	0.698	3.528
0.04465659869502042	0.445	0.698	3.528
0.04636841599315944	0.445	0.698	3.528
0.04808023329129851	0.445	0.698	3.528
0.049792050589437475	0.445	0.698	3.528
0.05150386788757649	0.445	0.698	3.528
0.05321568518571551	0.445	0.698	3.528
0.054927502483854584	0.445	0.698	3.528
0.05663931978199355	0.445	0.698	3.528
0.058351137080132565	0.445	0.698	3.528
0.06006295437827153	0.445	0.698	3.528
0.0617747716764106	0.445	0.698	3.528
0.06348658897454967	0.445	0.698	3.528
0.06519840627268869	0.445	0.698	3.528
0.06691022357082765	0.445	0.698	3.528
0.06862204086896667	0.445	0.698	3.528
0.0703338581671058	0.445	0.698	3.528
0.07204567546524476	0.445	0.698	3.528
0.07375749276338373	0.445	0.698	3.528
0.07546931006152274	0.445	0.698	3.528
0.07718112735966187	0.445	0.698	3.528
0.07889294465780083	0.445	0.698	3.528
0.0806047619559398	0.445	0.698	3.528
0.08231657925407893	0.445	0.698	3.528
0.08402839655221794	0.445	0.698	3.528
0.0857402138503569	0.445	0.698	3.528
0.08745203114849587	0.445	0.698	3.528
0.089163848446635	0.445	0.698	3.528
0.09087566574477401	0.445	0.698	3.528
0.09258748304291298	0.445	0.698	3.528
0.094299300341052	0.445	0.698	3.528
0.09601111763919107	0.445	0.698	3.528
0.09772293493733014	0.445	0.698	3.528
0.0994347522354691	0.445	0.698	3.528
0.10114656953360812	0.445	0.698	3.528
0.10285838683174708	0.445	0.698	3.528
0.10457020412988616	0.445	0.698	3.528
0.10628202142802518	0.445	0.698	3.528
0.10799383872616419	0.445	0.698	3.528
0.10970565602430316	0.445	0.698	3.528
0.11141747332244223	0.445	0.698	3.528
0.11312929062058125	0.445	0.698	3.528
0.11484110791872026	0.445	0.698	3.528
0.11655292521685928	0.445	0.698	3.528
0.1182647425149983	0.445	0.698	3.528
0.11997655981313737	0.445	0.698	3.528
0.12168837711127639	0.445	0.698	3.528
0.12340019440941535	0.445	0.698	3.528
0.12511201170755437	0.445	0.698	3.528
0.1268238290056935	0.445	0.698	3.528
0.12853564630383246	0.445	0.698	3.528
0.13024746360197142	0.445	0.698	3.528
0.13195928090011044	0.445	0.698	3.528
0.13367109819824957	0.445	0.698	3.528
0.13538291549638853	0.445	0.698	3.528
0.1370947327945275	0.445	0.698	3.528
0.13880655009266663	0.445	0.698	3.528
0.14051836739080564	0.445	0.698	3.528
0.1422301846889446	0.445	0.698	3.528
0.14394200198708362	0.445	0.698	3.528
0.14565381928522264	0.445	0.698	3.528
0.14736563658336166	0.445	0.698	3.528
0.14907745388150073	0.445	0.698	3.528
0.1507892711796397	0.445	0.698	3.528
0.1525010884777787	0.445	0.698	3.528
0.15421290577591773	0.445	0.698	3.528
0.1559247230740568	0.445	0.698	3.528
0.15763654037219582	0.44499999999999995	0.698	3.528
0.15819559088239332	0.4445215337625616	0.7015836571166508	3.522690489579718
0.15875536410423108	0.44404286143511007	0.7051719470002262	3.5173809791594355
0.15931586206504972	0.4435639826175805	0.7087648826464995	3.5120714687391534
0.15987708680095264	0.4430848969085253	0.7123624771074158	3.5067619583188714
0.1604390403568569	0.4426056039051071	0.7159647434914174	3.501452447898589
0.16100172478654512	0.44212610320309226	0.7195716949637777	3.496142937478307
0.16156514215271683	0.4416463943968433	0.7231833447469299	3.490833427058025
0.1621292945270416	0.4411664770793124	0.7267997061208065	3.4855239166377423
0.16269418399021113	0.44068635084203434	0.7304207924231754	3.4802144062174603
0.16325981263199318	0.4402060152751188	0.7340466170499833	3.474904895797178
0.16382618255128445	0.43972546996724393	0.7376771934556968	3.4695953853768957
0.16439329585616352	0.4392447145056488	0.7413125351536394	3.4642858749566137
0.16496115466394812	0.438763748476126	0.7449526557163614	3.458976364536331
0.16552976110124634	0.43828257146301475	0.7485975687759651	3.453666854116049
0.16609911730401478	0.43780118304919313	0.7522472880244807	3.448357343695767
0.1666692254176117	0.43731958281607103	0.7559018272142043	3.4430478332754846
0.16724008759685466	0.43683777034358257	0.7595612001580699	3.4377383228552025
0.16781170600607626	0.4363557452101786	0.7632254207300024	3.4324288124349205
0.1683840828191807	0.43587350699281907	0.7668945028652879	3.427119302014638
0.16895722021970144	0.43539105526696564	0.7705684605609338	3.421809791594356
0.16953112040085866	0.43490838960657396	0.7742473078760442	3.416500281174074
0.17010578556561784	0.4344255095840858	0.7779310589321927	3.4111907707537914
0.17068121792674712	0.4339424147704218	0.7816197279137908	3.4058812603335094
0.17125741970687763	0.4334591047349728	0.7853133290684734	3.4005717499132273
0.1718343931385624	0.432975579045593	0.7890118767074779	3.395262239492945
0.17241214046433595	0.4324918372685914	0.7927153852060268	3.3899527290726628
0.17299066393677492	0.43200787896872417	0.7964238690037126	3.3846432186523807
0.17356996581855888	0.43152370370918625	0.8001373426048914	3.379333708232098
0.17415004838253156	0.4310393110516037	0.8038558205790753	3.374024197811816
0.17473091391176265	0.4305547005560256	0.8075793175613262	3.3687146873915337
0.17531256469960976	0.43006987178091555	0.8113078482526532	3.3634051769712516
0.17589500304978167	0.42958482428314354	0.8150414274204218	3.3580956665509696
0.17647823127640028	0.4290995576179777	0.8187800698987473	3.352786156130687
0.17706225170406625	0.4286140713390765	0.8225237905889132	3.347476645710405
0.17764706666792113	0.4281283649984792	0.8262726044597778	3.342167135290123
0.17823267851371322	0.4276424381465984	0.8300265265481883	3.3368576248698405
0.17881908959786236	0.42715629033221125	0.8337855719594013	3.3315481144495585
0.17940630228752524	0.4266699211024507	0.8375497558674961	3.3262386040292764
0.17999431896066226	0.426183330002797	0.8413190935158104	3.320929093608994
0.18058314200610354	0.4256965165770691	0.8450936002173568	3.315619583188712
0.1811727738236168	0.42520948036741574	0.848873291355263	3.31031007276843
0.18176321682397423	0.4247222209143067	0.8526581823831954	3.3050005623481473
0.18235447342902122	0.42423473775652426	0.8564482888258039	3.2996910519278653
0.18294654607174504	0.4237470304311536	0.860243626279162	3.294381541507583
0.18353943719634497	0.4232590984735743	0.8640442104112123	3.2890720310873007
0.1841331492583	0.4227709414174513	0.8678500569622064	3.2837625206670187
0.1847276847244414	0.42228255879472565	0.8716611817451643	3.2784530102467366
0.18532304607302336	0.42179395013560533	0.8754776006463305	3.273143499826454
0.18591923579379255	0.42130511496855605	0.8792993296256199	3.267833989406172
0.1865162563880633	0.4208160528202918	0.8831263847170989	3.26252447898589
0.18711411036878728	0.4203267632157657	0.8869587820294326	3.2572149685656075
0.18771280026062914	0.4198372456781607	0.8907965377463677	3.2519054581453255
0.18831232860003871	0.41934749972887964	0.8946396681271984	3.2465959477250435
0.18891269793532617	0.4188575248875358	0.8984881895072457	3.241286437304761
0.1895139108267367	0.41836732067194365	0.9023421182983398	3.235976926884479
0.19011596984652612	0.4178768865981088	0.9062014709892968	3.2306674164641964
0.19071887757903694	0.41738622218021804	0.9100662641464176	3.2253579060439144
0.19132263662077637	0.41689532693063014	0.9139365144139782	3.2200483956236323
0.1919272495804914	0.4164042003598653	0.9178122385147153	3.21473888520335
0.19253271907924885	0.4159128419765956	0.92169345325034	3.209429374783068
0.1931390477505136	0.41542125128763474	0.9255801755020374	3.2041198643627857
0.19374623824022702	0.4149294277979278	0.9294724222309694	3.1988103539425032
0.1943542932068883	0.4144373710105415	0.933370210478798	3.193500843522221
0.1949632153216332	0.41394508042665346	0.9372735573681887	3.188191333101939
0.19557300726831728	0.4134525555455421	0.9411824801033427	3.1828818226816566
0.1961836717435967	0.4129597958645762	0.9450969959705189	3.1775723122613746
0.19679521145701062	0.4124668008792044	0.9490171223385568	3.1722628018410925
0.19740762913106502	0.41197357008294444	0.9529428766594187	3.16695329142081
0.19802092750131617	0.41148010296737314	0.9568742764687203	3.161643781000528
0.1986351093164555	0.4109863990221148	0.96081133938628	3.1563342705802455
0.199250177338395	0.4104924577348311	0.964754083116661	3.1510247601599635
0.19986613434235273	0.40999827859121	0.9687025254497239	3.1457152497396814
0.20048298311693985	0.4095038610749546	0.9726566842611799	3.140405739319399
0.20110072646424787	0.4090092046677727	0.9766165775131546	3.135096228899117
0.20171936719993694	0.4085143088493648	0.9805822232547508	3.129786718478835
0.202338908153325	0.40801917309741365	0.9845536396226231	3.1244772080585523
0.20295935216747601	0.4075237968875728	0.98853084484154	3.1191676976382703
0.2035807020992924	0.40702817969345506	0.9925138572249784	3.1138581872179882
0.2042029608196041	0.4065323209866211	0.9965026951756941	3.1085486767977057
0.20482613121326187	0.4060362202365684	1.0004973771863215	3.1032391663774237
0.2054502161792287	0.40553987691071874	1.0044979218399543	3.0979296559571416
0.20607521863067424	0.4050432904744073	1.0085043478107596	3.092620145536859
0.20670114149506796	0.4045464603908707	1.0125166738645652	3.087310635116577
0.20732798771427557	0.404049386121235	1.0165349188594859	3.082001124696295
0.2079557602446523	0.40355206712450353	1.020559101746516	3.0766916142760126
0.20858446205714248	0.4030545028575456	1.024589241570171	3.0713821038557305
0.20921409613737346	0.4025566927750836	1.0286253574690876	3.0660725934354485
0.2098446654857578	0.40205863632968103	1.0326674686766795	3.060763083015166
0.21047617311758782	0.40156033297173044	1.0367155945217437	3.055453572594884
0.21110862206313924	0.40106178214944077	1.040769754429124	3.050144062174602
0.2117420153677695	0.40056298330882484	1.0448299679203443	3.0448345517543194
0.2123763560920205	0.400063935893687	1.0488962546142606	3.0395250413340373
0.21301164731171984	0.39956463934561015	1.0529686342277182	3.0342155309137553
0.21364789211808566	0.3990650931039432	1.057047126576217	3.028906020493473
0.214285093617829	0.3985652966057882	1.061131751574572	3.0235965100731907
0.21492325493326042	0.3980652492859871	1.0652225292375934	3.0182869996529087
0.21556237920239452	0.3975649505771088	1.0693194796807612	3.012977489232626
0.21620246957905787	0.39706439990943637	1.0734226231209112	3.007667978812344
0.2168435292329966	0.3965635967109534	1.077531979876928	3.002358468392062
0.2174855613499841	0.3960625404073304	1.0816475703704378	2.9970489579717796
0.21812856913193168	0.39556123042191205	1.0857694151265123	2.9917394475514976
0.21877255579699878	0.3950596661757028	1.0898975347743787	2.986429937131215
0.21941752457970415	0.3945578470873542	1.0940319500481306	2.981120426710933
0.22006347873103949	0.39405577257314994	1.0981726817874597	2.975810916290651
0.22071042151858095	0.393553442046993	1.1023197509383664	2.9705014058703685
0.22135835622660527	0.3930508549203909	1.1064731785539066	2.9651918954500864
0.2220072861562044	0.39254801060244215	1.1106329857949275	2.959882385029804
0.22265721462540217	0.39204490849982193	1.1147991939308102	2.954572874609522
0.22330814496927193	0.3915415480167675	1.1189718243402311	2.94926336418924
0.22396008054005462	0.391037928555064	1.1231508985119159	2.9439538537689574
0.22461302470727829	0.39053404951402987	1.1273364380454005	2.9386443433486753
0.22526698085787888	0.3900299102905023	1.1315284646518147	2.9333348329283933
0.2259219523963224	0.3895255102788223	1.1357270001546578	2.9280253225081108
0.22657794274472626	0.3890208488708199	1.1399320664905794	2.9227158120878287
0.22723495534298416	0.3885159254557992	1.1441436857101819	2.9174063016675467
0.22789299364889115	0.3880107394205231	1.1483618799788164	2.912096791247264
0.2285520611382682	0.3875052901491984	1.152586671577388	2.906787280826982
0.22921216130509087	0.38699957702346016	1.156818082903174	2.9014777704067
0.22987329766161696	0.3864935994223562	1.1610561364706484	2.8961682599864176
0.2305354737385154	0.3859873567223318	1.165300854912305	2.8908587495661355
0.2311986930849978	0.38548084829721385	1.1695522609795002	2.8855492391458535
0.2318629592689489	0.3849740735181947	1.1738103775432889	2.880239728725571
0.23252827587706054	0.38446703175381675	1.1780752275952868	2.874930218305289
0.2331946465149654	0.3839597223699561	1.182346834248523	2.869620707885007
0.23386207480737237	0.38345214472980627	1.1866252207383114	2.8643111974647244
0.23453056439820197	0.3829442981938619	1.1909104104231167	2.8590016870444424
0.235200118950726	0.3824361821199023	1.1952024267854502	2.8536921766241603
0.23587074214770543	0.38192779586297493	1.1995012934327542	2.848382666203878
0.2365424376915301	0.3814191387753786	1.203807034098297	2.8430731557835958
0.23721520930436113	0.38091021020664645	1.208119672642085	2.8377636453633137
0.23788906072827387	0.38040100950352906	1.2124392330517826	2.832454134943031
0.23856399572540138	0.3798915360099776	1.2167657394436258	2.827144624522749
0.23924001807807926	0.37938178906712583	1.2210992160633558	2.821835114102467
0.23991713158899464	0.3788717680132736	1.2254396872871718	2.8165256036821846
0.2405953400813315	0.37836147218386845	1.2297871776226648	2.8112160932619026
0.24127464739892213	0.37785090091148854	1.2341417117097844	2.8059065828416205
0.24195505740639683	0.37734005352582417	1.2385033143218012	2.800597072421338
0.24263657398933708	0.3768289293536605	1.2428720103662905	2.795287562001056
0.24331920105442784	0.37631752771885896	1.2472478248861028	2.789978051580774
0.24400294252961446	0.37580584794233896	1.251630783060376	2.7846685411604915
0.24468780236425697	0.37529388934205965	1.2560209102055202	2.7793590307402094
0.24537378452928982	0.37478165123300117	1.260418231776244	2.774049520319927
0.24606089301738004	0.3742691329271462	1.2648227733665656	2.768740009899645
0.2467491318430894	0.37375633373346057	1.2692345607108564	2.763430499479363
0.24743850504303544	0.3732432529578746	1.2736536196848691	2.7581209890590803
0.24812901667605608	0.3727298899032638	1.278079976306797	2.7528114786387983
0.24882067082337506	0.3722162438694295	1.2825136567383288	2.7475019682185158
0.24951347158876913	0.3717023141530793	1.2869546872857267	2.7421924577982337
0.2502074230987356	0.37118810004780745	1.2914030944008965	2.7368829473779517
0.250902529502664	0.3706736008440747	1.2958589046824887	2.731573436957669
0.2515987949730071	0.3701588158291889	1.3003221448769953	2.726263926537387
0.25229622370545335	0.36964374428728425	1.3047928418798564	2.720954416117105
0.2529948199191041	0.3691283854993011	1.3092710227365922	2.7156449056968226
0.25369458785664833	0.3686127387429655	1.3137567146439268	2.7103353952765405
0.2543955317845421	0.3680968032927686	1.3182499449509377	2.7050258848562585
0.25509765599318807	0.3675805784199455	1.3227507411602069	2.699716374435976
0.2558009647971176	0.36706406339245445	1.327259130928986	2.694406864015694
0.25650546253517437	0.3665472574749555	1.3317751420703756	2.689097353595412
0.2572111535706998	0.36603015992878907	1.3362988025545128	2.6837878431751294
0.2579180422917195	0.3655127700119546	1.3408301405097673	2.6784783327548474
0.25862613311113286	0.36499508697908845	1.3453691842239555	2.6731688223345653
0.2593354304669033	0.3644771100814421	1.3499159621455612	2.667859311914283
0.2600459388222514	0.36395883856686023	1.354470502884972	2.662549801494001
0.2607576626658484	0.363440271679758	1.359032835215722	2.6572402910737187
0.2614706065120138	0.3629214086610986	1.3636029880757565	2.6519307806534362
0.2621847749009123	0.36240224874837096	1.3681809905686957	2.646621270233154
0.26290017239875507	0.3618827911755663	1.3727668719651236	2.641311759812872
0.263616803598001	0.36136303517315516	1.3773606617038794	2.6360022493925896
0.2643346731175613	0.36084297996806447	1.3819623893933688	2.6306927389723076
0.26505378560300563	0.36032262478365357	1.3865720848128833	2.6253832285520255
0.26577414572676994	0.35980196883969057	1.3911897779139366	2.620073718131743
0.2664957581883664	0.35928101135232876	1.3958154988216065	2.614764207711461
0.2672186277145967	0.3587597515340821	1.4004492778359032	2.609454697291179
0.2679427590597656	0.35823818859380124	1.4050911454331394	2.6041451868708965
0.26866815700589697	0.3577163217366485	1.4097411322673155	2.5988356764506144
0.26939482636295387	0.35719415016407374	1.414399269171526	2.5935261660303324
0.2701227719690582	0.3566716730737886	1.4190655871593743	2.58821665561005
0.27085199869071347	0.35614888965974206	1.423740117426395	2.582907145189768
0.27158251142303147	0.3556257991120945	1.4284228913515107	2.577597634769486
0.2723143150899582	0.35510240061719234	1.4331139404984765	2.5722881243492033
0.27304741464450427	0.3545786933575419	1.437813296617362	2.5669786139289212
0.27378181506897803	0.3540546765117836	1.4425209916460398	2.5616691035086387
0.27451752137521734	0.35353034925466537	1.4472370577116767	2.5563595930883567
0.27525453860482973	0.3530057107570163	1.4519615271322688	2.5510500826680746
0.2759928718294288	0.3524807601857195	1.45669443241816	2.545740572247792
0.2767325261508768	0.35195549670368553	1.4614358062735961	2.54043106182751
0.2774735067015298	0.35142991946982466	1.4661856815982948	2.5351215514072276
0.27821581864448197	0.3509040276390195	1.470944091489014	2.5298120409869456
0.27895946717381737	0.3503778203620974	1.475711069241164	2.5245025305666635
0.2797044575148586	0.3498512967858021	1.4804866483504027	2.519193020146381
0.28045079492442393	0.3493244560527657	1.485270862514283	2.513883509726099
0.2811984846910815	0.3487972973014799	1.4900637456338828	2.508573999305817
0.2819475321354106	0.3482698196662674	1.4948653318154794	2.5032644888855344
0.2826979426102632	0.3477420222772527	1.4996756553722275	2.4979549784652524
0.2834497215010284	0.34721390426033294	1.5044947508258497	2.4926454680449703
0.2842028742259003	0.34668546473714795	1.5093226529083623	2.487335957624688
0.28495740623614874	0.3461567028250508	1.5141593965638012	2.482026447204406
0.28571332301639185	0.34562761763707744	1.5190050169499751	2.4767169367841237
0.2864706300848726	0.3450982082819163	1.5238595494402358	2.4714074263638413
0.2892868562980241	0.3445684738638775	1.52872302962526	2.466097915943559
0.29134437960231185	0.3445684738638775	1.52872302962526	2.466097915943559
0.2934019029065996	0.3445684738638775	1.52872302962526	2.466097915943559
0.29545942621088733	0.3445684738638775	1.52872302962526	2.466097915943559
0.29751694951517504	0.3445684738638775	1.52872302962526	2.466097915943559
0.2995744728194628	0.3445684738638775	1.52872302962526	2.466097915943559
0.3016319961237505	0.3445684738638775	1.52872302962526	2.466097915943559
0.30368951942803823	0.3445684738638775	1.52872302962526	2.466097915943559
0.305747042732326	0.3445684738638775	1.52872302962526	2.466097915943559
0.30780456603661377	0.3445684738638775	1.52872302962526	2.466097915943559
0.3098620893409015	0.3445684738638775	1.52872302962526	2.466097915943559
0.3119196126451892	0.3445684738638775	1.52872302962526	2.466097915943559
0.31397713594947696	0.3445684738638775	1.52872302962526	2.466097915943559
0.3160346592537647	0.3445684738638775	1.52872302962526	2.466097915943559
0.31809218255805244	0.3445684738638775	1.52872302962526	2.466097915943559
0.32014970586234015	0.3445684738638775	1.52872302962526	2.466097915943559
0.3222072291666279	0.3445684738638775	1.52872302962526	2.466097915943559
0.32426475247091563	0.3445684738638775	1.52872302962526	2.466097915943559
0.32632227577520334	0.3445684738638775	1.52872302962526	2.466097915943559
0.3283797990794911	0.3445684738638775	1.52872302962526	2.466097915943559
0.3304373223837789	0.3445684738638775	1.52872302962526	2.466097915943559
0.3324948456880666	0.3445684738638775	1.52872302962526	2.466097915943559
0.3345523689923543	0.3445684738638775	1.52872302962526	2.466097915943559
0.33660989229664207	0.3445684738638775	1.52872302962526	2.466097915943559
0.33866741560092983	0.3445684738638775	1.52872302962526	2.466097915943559
0.34072493890521754	0.3445684738638775	1.52872302962526	2.466097915943559
0.34278246220950526	0.3445684738638775	1.52872302962526	2.466097915943559
0.344839985513793	0.3445684738638775	1.52872302962526	2.466097915943559
0.34689750881808074	0.3445684738638775	1.52872302962526	2.466097915943559
0.34895503212236845	0.3445684738638775	1.52872302962526	2.466097915943559
0.3510125554266562	0.3445684738638775	1.52872302962526	2.466097915943559
0.353070078730944	0.3445684738638775	1.52872302962526	2.466097915943559
0.3551276020352317	0.3445684738638775	1.52872302962526	2.466097915943559
0.35718512533951946	0.3445684738638775	1.52872302962526	2.466097915943559
0.35924264864380717	0.3445684738638775	1.52872302962526	2.466097915943559
0.36130017194809494	0.3445684738638775	1.52872302962526	2.466097915943559
0.36335769525238265	0.3445684738638775	1.52872302962526	2.466097915943559
0.36541521855667036	0.3445684738638775	1.52872302962526	2.466097915943559
0.36747274186095813	0.3445684738638775	1.52872302962526	2.466097915943559
0.36953026516524584	0.3445684738638775	1.52872302962526	2.466097915943559
0.37158778846953355	0.3445684738638775	1.52872302962526	2.466097915943559
0.3736453117738213	0.3445684738638775	1.52872302962526	2.466097915943559
0.3757028350781091	0.3445684738638775	1.52872302962526	2.466097915943559
0.3777603583823968	0.3445684738638775	1.52872302962526	2.466097915943559
0.37981788168668457	0.3445684738638775	1.52872302962526	2.466097915943559
0.3818754049909723	0.3445684738638775	1.52872302962526	2.466097915943559
0.38393292829526005	0.3445684738638775	1.52872302962526	2.466097915943559
0.38599045159954776	0.3445684738638775	1.52872302962526	2.466097915943559
0.38804797490383547	0.3445684738638775	1.52872302962526	2.466097915943559
0.39010549820812324	0.3445684738638775	1.52872302962526	2.466097915943559
0.39216302151241095	0.3445684738638775	1.52872302962526	2.466097915943559
0.3942205448166987	0.3445684738638775	1.52872302962526	2.466097915943559
0.3962780681209864	0.3445684738638775	1.52872302962526	2.466097915943559
0.3983355914252742	0.3445684738638775	1.52872302962526	2.466097915943559
0.4003931147295619	0.3445684738638775	1.52872302962526	2.466097915943559
0.4024506380338497	0.3445684738638775	1.52872302962526	2.466097915943559
0.4045081613381374	0.3445684738638775	1.52872302962526	2.466097915943559
0.40656568464242515	0.3445684738638775	1.52872302962526	2.466097915943559
0.40862320794671286	0.3445684738638775	1.52872302962526	2.466097915943559
0.4106807312510006	0.3445684738638775	1.52872302962526	2.466097915943559
0.41273825455528834	0.3445684738638775	1.52872302962526	2.466097915943559
0.41479577785957605	0.3445684738638775	1.52872302962526	2.466097915943559
0.4168533011638638	0.3445684738638775	1.52872302962526	2.466097915943559
0.41891082446815153	0.3445684738638775	1.52872302962526	2.466097915943559
0.4209683477724393	0.3445684738638775	1.52872302962526	2.466097915943559
0.423025871076727	0.3445684738638775	1.52872302962526	2.466097915943559
0.4250833943810148	0.3445684738638775	1.52872302962526	2.466097915943559
0.4271409176853025	0.3445684738638775	1.52872302962526	2.466097915943559
0.42919844098959026	0.3445684738638775	1.52872302962526	2.466097915943559
0.43125596429387797	0.3445684738638775	1.52872302962526	2.466097915943559
0.4333134875981657	0.3445684738638775	1.52872302962526	2.466097915943559
0.43537101090245345	0.3445684738638775	1.52872302962526	2.466097915943559
0.4374285342067412	0.3445684738638775	1.52872302962526	2.466097915943559
0.4394860575110289	0.3445684738638775	1.52872302962526	2.466097915943559
0.44154358081531664	0.3445684738638775	1.52872302962526	2.466097915943559
0.4436011041196044	0.3445684738638775	1.52872302962526	2.466097915943559
0.4456586274238921	0.3445684738638775	1.52872302962526	2.466097915943559
0.4477161507281799	0.3445684738638775	1.52872302962526	2.466097915943559
0.4497736740324676	0.3445684738638775	1.52872302962526	2.466097915943559
0.45183119733675536	0.3445684738638775	1.52872302962526	2.466097915943559
0.4538887206410431	0.3445684738638775	1.52872302962526	2.466097915943559
0.4559462439453308	0.3445684738638775	1.52872302962526	2.466097915943559
0.45800376724961855	0.3445684738638775	1.52872302962526	2.466097915943559
0.4600612905539063	0.3445684738638775	1.52872302962526	2.466097915943559
0.46211881385819403	0.3445684738638775	1.52872302962526	2.466097915943559
0.46417633716248174	0.3445684738638775	1.52872302962526	2.466097915943559
0.4662338604667695	0.3445684738638775	1.52872302962526	2.466097915943559
0.4682913837710572	0.3445684738638775	1.52872302962526	2.466097915943559
0.470348907075345	0.3445684738638775	1.52872302962526	2.466097915943559
0.4724064303796327	0.3445684738638775	1.52872302962526	2.466097915943559
0.47446395368392047	0.3445684738638775	1.52872302962526	2.466097915943559
0.4765214769882082	0.3445684738638775	1.52872302962526	2.466097915943559
0.4785790002924959	0.3445684738638775	1.52872302962526	2.466097915943559
0.48063652359678366	0.3445684738638775	1.52872302962526	2.466097915943559
0.4826940469010714	0.3445684738638775	1.52872302962526	2.466097915943559
0.48475157020535914	0.3445684738638775	1.52872302962526	2.466097915943559
0.48680909350964685	0.3445684738638775	1.52872302962526	2.466097915943559
0.4888666168139346	0.3445684738638775	1.52872302962526	2.466097915943559
0.4909241401182224	0.3445684738638775	1.52872302962526	2.466097915943559
0.4929816634225101	0.3445684738638775	1.52872302962526	2.466097915943559
0.4950391867267978	0.3445684738638775	1.52872302962526	2.466097915943559
0.4970967100310856	0.3445684738638775	1.52872302962526	2.466097915943559
0.4991542333353733	0.3445684738638775	1.52872302962526	2.466097915943559
0.501211756639661	0.3445684738638775	1.52872302962526	2.466097915943559
0.5032692799439488	0.3445684738638775	1.52872302962526	2.466097915943559
0.5053268032482365	0.3445684738638775	1.52872302962526	2.466097915943559
0.5073843265525242	0.3445684738638775	1.52872302962526	2.466097915943559
0.509441849856812	0.3445684738638775	1.52872302962526	2.466097915943559
0.5114993731610997	0.3445684738638775	1.52872302962526	2.466097915943559
0.5135568964653875	0.3445684738638775	1.52872302962526	2.466097915943559
0.5156144197696751	0.3445684738638775	1.52872302962526	2.466097915943559
0.5176719430739629	0.3445684738638775	1.52872302962526	2.466097915943559
0.5197294663782507	0.3445684738638775	1.52872302962526	2.466097915943559
0.5217869896825384	0.3445684738638775	1.52872302962526	2.466097915943559
0.5238445129868261	0.3445684738638775	1.52872302962526	2.466097915943559
0.5259020362911139	0.3445684738638775	1.52872302962526	2.466097915943559
0.5279595595954016	0.3445684738638775	1.52872302962526	2.466097915943559
0.5300170828996893	0.3445684738638775	1.52872302962526	2.466097915943559
0.5320746062039771	0.3445684738638775	1.52872302962526	2.466097915943559
0.5341321295082648	0.3445684738638775	1.52872302962526	2.466097915943559
0.5361896528125526	0.3445684738638775	1.52872302962526	2.466097915943559
0.5382471761168404	0.3445684738638775	1.52872302962526	2.466097915943559
0.540304699421128	0.3445684738638775	1.52872302962526	2.466097915943559
0.5423622227254158	0.3445684738638775	1.52872302962526	2.466097915943559
0.5444197460297036	0.3445684738638775	1.52872302962526	2.466097915943559
0.5464772693339912	0.3445684738638775	1.52872302962526	2.466097915943559
0.548534792638279	0.3445684738638775	1.52872302962526	2.466097915943559
0.5505923159425667	0.3445684738638775	1.52872302962526	2.466097915943559
0.5526498392468544	0.3445684738638775	1.52872302962526	2.466097915943559
0.5547073625511422	0.3445684738638775	1.52872302962526	2.466097915943559
0.5567648858554299	0.3445684738638775	1.52872302962526	2.466097915943559
0.5588224091597177	0.3445684738638775	1.52872302962526	2.466097915943559
0.5608799324640054	0.3445684738638775	1.52872302962526	2.466097915943559
0.5629374557682931	0.3445684738638775	1.52872302962526	2.466097915943559
0.5649949790725809	0.3445684738638775	1.52872302962526	2.466097915943559
0.5670525023768687	0.3445684738638775	1.52872302962526	2.466097915943559
0.5691100256811563	0.3445684738638775	1.52872302962526	2.466097915943559
0.5711675489854441	0.3445684738638775	1.52872302962526	2.466097915943559
0.5732250722897319	0.3445684738638775	1.52872302962526	2.466097915943559
0.5752825955940195	0.3445684738638775	1.52872302962526	2.466097915943559
0.5773401188983073	0.3445684738638775	1.52872302962526	2.466097915943559
0.579397642202595	0.3445684738638775	1.52872302962526	2.466097915943559
0.5814551655068828	0.3445684738638775	1.52872302962526	2.466097915943559
0.5835126888111706	0.3445684738638775	1.52872302962526	2.466097915943559
0.5855702121154582	0.3445684738638775	1.52872302962526	2.466097915943559
0.587627735419746	0.3445684738638775	1.52872302962526	2.466097915943559
0.5896852587240338	0.3445684738638775	1.52872302962526	2.466097915943559
0.5917427820283214	0.3445684738638775	1.52872302962526	2.466097915943559
0.5938003053326092	0.3445684738638775	1.52872302962526	2.466097915943559
0.595857828636897	0.3445684738638775	1.52872302962526	2.466097915943559
0.5979153519411846	0.3445684738638775	1.52872302962526	2.466097915943559
0.5999728752454724	0.3445684738638775	1.52872302962526	2.466097915943559
0.6020303985497601	0.3445684738638775	1.52872302962526	2.466097915943559
0.6040879218540479	0.3445684738638775	1.52872302962526	2.466097915943559
0.6061454451583357	0.3445684738638775	1.52872302962526	2.466097915943559
0.6082029684626233	0.3445684738638775	1.52872302962526	2.466097915943559
0.6102604917669111	0.3445684738638775	1.52872302962526	2.466097915943559
0.6123180150711989	0.3445684738638775	1.52872302962526	2.466097915943559
0.6143755383754865	0.3445684738638775	1.52872302962526	2.466097915943559
0.6164330616797743	0.3445684738638775	1.52872302962526	2.466097915943559
0.6184905849840621	0.3445684738638775	1.52872302962526	2.466097915943559
0.6205481082883497	0.3445684738638775	1.52872302962526	2.466097915943559
0.6226056315926375	0.3445684738638775	1.52872302962526	2.466097915943559
0.6246631548969253	0.3445684738638775	1.52872302962526	2.466097915943559
0.6267206782012129	0.3445684738638775	1.52872302962526	2.466097915943559
0.6287782015055008	0.3445684738638775	1.52872302962526	2.466097915943559
0.6308357248097884	0.3445684738638775	1.52872302962526	2.466097915943559
0.6328932481140762	0.3445684738638775	1.52872302962526	2.466097915943559
0.634950771418364	0.3445684738638775	1.52872302962526	2.466097915943559
0.6370082947226516	0.3445684738638775	1.52872302962526	2.466097915943559
0.6390658180269394	0.3445684738638775	1.52872302962526	2.466097915943559
0.6411233413312272	0.3445684738638775	1.52872302962526	2.466097915943559
0.6431808646355148	0.3445684738638775	1.52872302962526	2.466097915943559
0.6452383879398026	0.3445684738638775	1.52872302962526	2.466097915943559
0.6472959112440904	0.3445684738638775	1.52872302962526	2.466097915943559
0.649353434548378	0.3445684738638775	1.52872302962526	2.466097915943559
0.6514109578526659	0.3445684738638775	1.52872302962526	2.466097915943559
0.6534684811569536	0.3445684738638775	1.52872302962526	2.466097915943559
0.6555260044612413	0.3445684738638775	1.52872302962526	2.466097915943559
0.6575835277655291	0.3445684738638775	1.52872302962526	2.466097915943559
0.6596410510698167	0.3445684738638775	1.52872302962526	2.466097915943559
0.6616985743741045	0.3445684738638775	1.52872302962526	2.466097915943559
0.6637560976783923	0.3445684738638775	1.52872302962526	2.466097915943559
0.6658136209826799	0.3445684738638775	1.52872302962526	2.466097915943559
0.6678711442869677	0.3445684738638775	1.52872302962526	2.466097915943559
0.6699286675912555	0.3445684738638775	1.52872302962526	2.466097915943559
0.6719861908955432	0.3445684738638775	1.52872302962526	2.466097915943559
0.674043714199831	0.3445684738638775	1.52872302962526	2.466097915943559
0.6761012375041187	0.3445684738638775	1.52872302962526	2.466097915943559
0.6781587608084064	0.3445684738638775	1.52872302962526	2.466097915943559
0.6802162841126942	0.3445684738638775	1.52872302962526	2.466097915943559
0.6822738074169818	0.3445684738638775	1.52872302962526	2.466097915943559
0.6843313307212696	0.3445684738638775	1.52872302962526	2.466097915943559
0.6863888540255574	0.3445684738638775	1.52872302962526	2.466097915943559
0.688446377329845	0.3445684738638775	1.52872302962526	2.466097915943559
0.6905039006341328	0.3445684738638775	1.52872302962526	2.466097915943559
0.6925614239384206	0.3445684738638775	1.52872302962526	2.466097915943559
0.6946189472427083	0.3445684738638775	1.52872302962526	2.466097915943559
0.6966764705469961	0.3445684738638775	1.52872302962526	2.466097915943559
0.6987339938512838	0.3445684738638775	1.52872302962526	2.466097915943559
0.6990429383499155	1.304084531086785	1.52872302962526	2.466097915943559
0.6993518828485472	1.304084531086785	1.52872302962526	2.466097915943559
0.6996608273471789	1.304084531086785	1.52872302962526	2.466097915943559
0.6999697718458106	1.304084531086785	1.52872302962526	2.466097915943559
0.7002787163444423	1.304084531086785	1.52872302962526	2.466097915943559
0.7005876608430739	1.304084531086785	1.52872302962526	2.466097915943559
0.7008966053417056	1.304084531086785	1.52872302962526	2.466097915943559
0.7012055498403373	1.304084531086785	1.52872302962526	2.466097915943559
0.7015144943389691	1.304084531086785	1.52872302962526	2.466097915943559
0.7018234388376008	1.304084531086785	1.52872302962526	2.466097915943559
0.7021323833362324	1.304084531086785	1.52872302962526	2.466097915943559
0.7024413278348641	1.304084531086785	1.52872302962526	2.466097915943559
0.7027502723334957	1.304084531086785	1.52872302962526	2.466097915943559
0.7030592168321275	1.304084531086785	1.52872302962526	2.466097915943559
0.7033681613307592	1.304084531086785	1.52872302962526	2.466097915943559
0.7036771058293909	1.304084531086785	1.52872302962526	2.466097915943559
0.7039860503280225	1.304084531086785	1.52872302962526	2.466097915943559
0.7042949948266543	1.304084531086785	1.52872302962526	2.466097915943559
0.704603939325286	1.304084531086785	1.52872302962526	2.466097915943559
0.7049128838239176	1.304084531086785	1.52872302962526	2.466097915943559
0.7052218283225493	1.304084531086785	1.52872302962526	2.466097915943559
0.705530772821181	1.304084531086785	1.52872302962526	2.466097915943559
0.7058397173198128	1.304084531086785	1.52872302962526	2.466097915943559
0.7061486618184444	1.304084531086785	1.52872302962526	2.466097915943559
0.7064576063170761	1.304084531086785	1.52872302962526	2.466097915943559
0.7067665508157077	1.304084531086785	1.52872302962526	2.466097915943559
0.7070754953143394	1.304084531086785	1.52872302962526	2.466097915943559
0.7073844398129712	1.304084531086785	1.52872302962526	2.466097915943559
0.7076933843116029	1.304084531086785	1.52872302962526	2.466097915943559
0.7080023288102345	1.304084531086785	1.52872302962526	2.466097915943559
0.7083112733088662	1.304084531086785	1.52872302962526	2.466097915943559
0.7086202178074978	1.304084531086785	1.52872302962526	2.466097915943559
0.7089291623061296	1.304084531086785	1.52872302962526	2.466097915943559
0.7092381068047613	1.304084531086785	1.52872302962526	2.466097915943559
0.709547051303393	1.304084531086785	1.52872302962526	2.466097915943559
0.7098559958020246	1.304084531086785	1.52872302962526	2.466097915943559
0.7101649403006564	1.304084531086785	1.52872302962526	2.466097915943559
0.7104738847992881	1.304084531086785	1.52872302962526	2.466097915943559
0.7107828292979197	1.304084531086785	1.52872302962526	2.466097915943559
0.7110917737965514	1.304084531086785	1.52872302962526	2.466097915943559
0.7114007182951831	1.304084531086785	1.52872302962526	2.466097915943559
0.7117096627938149	1.304084531086785	1.52872302962526	2.466097915943559
0.7120186072924465	1.304084531086785	1.52872302962526	2.466097915943559
0.7123275517910782	1.304084531086785	1.52872302962526	2.466097915943559
0.7126364962897099	1.304084531086785	1.52872302962526	2.466097915943559
0.7129454407883415	1.304084531086785	1.52872302962526	2.466097915943559
0.7132543852869733	1.304084531086785	1.52872302962526	2.466097915943559
0.713563329785605	1.304084531086785	1.52872302962526	2.466097915943559
0.7138722742842367	1.304084531086785	1.52872302962526	2.466097915943559
0.7141812187828683	1.304084531086785	1.52872302962526	2.466097915943559
0.7144901632815001	1.304084531086785	1.52872302962526	2.466097915943559
0.7147991077801317	1.304084531086785	1.52872302962526	2.466097915943559
0.7151080522787634	1.304084531086785	1.52872302962526	2.466097915943559
0.7154169967773951	1.304084531086785	1.52872302962526	2.466097915943559
0.7157259412760268	1.304084531086785	1.52872302962526	2.466097915943559
0.7160348857746586	1.304084531086785	1.52872302962526	2.466097915943559
0.7163438302732902	1.304084531086785	1.52872302962526	2.466097915943559
0.7166527747719218	1.304084531086785	1.52872302962526	2.466097915943559
0.7169617192705535	1.304084531086785	1.52872302962526	2.466097915943559
0.7172706637691852	1.304084531086785	1.52872302962526	2.466097915943559
0.717579608267817	1.304084531086785	1.52872302962526	2.466097915943559
0.7178885527664486	1.304084531086785	1.52872302962526	2.466097915943559
0.7181974972650803	1.304084531086785	1.52872302962526	2.466097915943559
0.718506441763712	1.304084531086785	1.52872302962526	2.466097915943559
0.7188153862623436	1.304084531086785	1.52872302962526	2.466097915943559
0.7191243307609754	1.304084531086785	1.52872302962526	2.466097915943559
0.7194332752596071	1.304084531086785	1.52872302962526	2.466097915943559
0.7197422197582388	1.304084531086785	1.52872302962526	2.466097915943559
0.7200511642568704	1.304084531086785	1.52872302962526	2.466097915943559
0.7203601087555022	1.304084531086785	1.52872302962526	2.466097915943559
0.7206690532541338	1.304084531086785	1.52872302962526	2.466097915943559
0.7209779977527655	1.304084531086785	1.52872302962526	2.466097915943559
0.7212869422513972	1.304084531086785	1.52872302962526	2.466097915943559
0.721595886750029	1.304084531086785	1.52872302962526	2.466097915943559
0.7219048312486606	1.304084531086785	1.52872302962526	2.466097915943559
0.7222137757472923	1.304084531086785	1.52872302962526	2.466097915943559
0.722522720245924	1.304084531086785	1.52872302962526	2.466097915943559
0.7228316647445556	1.304084531086785	1.52872302962526	2.466097915943559
0.7231406092431873	1.304084531086785	1.52872302962526	2.466097915943559
0.7234495537418191	1.304084531086785	1.52872302962526	2.466097915943559
0.7237584982404508	1.304084531086785	1.52872302962526	2.466097915943559
0.7240674427390824	1.304084531086785	1.52872302962526	2.466097915943559
0.7243763872377141	1.304084531086785	1.52872302962526	2.466097915943559
0.7246853317363459	1.304084531086785	1.52872302962526	2.466097915943559
0.7249942762349775	1.304084531086785	1.52872302962526	2.466097915943559
0.7253032207336092	1.304084531086785	1.52872302962526	2.466097915943559
0.7256121652322409	1.304084531086785	1.52872302962526	2.466097915943559
0.7259211097308726	1.304084531086785	1.52872302962526	2.466097915943559
0.7262300542295043	1.304084531086785	1.52872302962526	2.466097915943559
0.726538998728136	1.304084531086785	1.52872302962526	2.466097915943559
0.7268479432267676	1.304084531086785	1.52872302962526	2.466097915943559
0.7271568877253993	1.304084531086785	1.52872302962526	2.466097915943559
0.727465832224031	1.304084531086785	1.52872302962526	2.466097915943559
0.7277747767226628	1.304084531086785	1.52872302962526	2.466097915943559
0.7280837212212944	1.304084531086785	1.52872302962526	2.466097915943559
0.7283926657199261	1.304084531086785	1.52872302962526	2.466097915943559
0.7287016102185577	1.304084531086785	1.52872302962526	2.466097915943559
0.7290105547171895	1.304084531086785	1.52872302962526	2.466097915943559
0.7293194992158212	1.304084531086785	1.52872302962526	2.466097915943559
0.7296284437144529	1.304084531086785	1.52872302962526	2.466097915943559
0.7299373882130845	1.304084531086785	1.52872302962526	2.466097915943559
0.7302463327117162	1.304084531086785	1.52872302962526	2.466097915943559
0.730555277210348	1.304084531086785	1.52872302962526	2.466097915943559
0.7308642217089796	1.304084531086785	1.52872302962526	2.466097915943559
0.7311731662076113	1.304084531086785	1.52872302962526	2.466097915943559
0.731482110706243	1.304084531086785	1.52872302962526	2.466097915943559
0.7317910552048748	1.304084531086785	1.52872302962526	2.466097915943559
0.7320999997035064	1.304084531086785	1.52872302962526	2.466097915943559
0.7324089442021381	1.304084531086785	1.52872302962526	2.466097915943559
0.7327178887007698	1.304084531086785	1.52872302962526	2.466097915943559
0.7330268331994014	1.304084531086785	1.52872302962526	2.466097915943559
0.7333357776980332	1.304084531086785	1.52872302962526	2.466097915943559
0.7336447221966649	1.304084531086785	1.52872302962526	2.466097915943559
0.7339536666952966	1.304084531086785	1.52872302962526	2.466097915943559
0.7342626111939282	1.304084531086785	1.52872302962526	2.466097915943559
0.7345715556925599	1.304084531086785	1.52872302962526	2.466097915943559
0.7348805001911916	1.304084531086785	1.52872302962526	2.466097915943559
0.7351894446898233	1.304084531086785	1.52872302962526	2.466097915943559
0.735498389188455	1.304084531086785	1.52872302962526	2.466097915943559
0.7358073336870867	1.304084531086785	1.52872302962526	2.466097915943559
0.7361162781857183	1.304084531086785	1.52872302962526	2.466097915943559
0.7364252226843501	1.304084531086785	1.52872302962526	2.466097915943559
0.7367341671829818	1.304084531086785	1.52872302962526	2.466097915943559
0.7370431116816134	1.304084531086785	1.52872302962526	2.466097915943559
0.7373520561802451	1.304084531086785	1.52872302962526	2.466097915943559
0.7376610006788769	1.304084531086785	1.52872302962526	2.466097915943559
0.7379699451775086	1.304084531086785	1.52872302962526	2.466097915943559
0.7382788896761402	1.304084531086785	1.52872302962526	2.466097915943559
0.7385878341747719	1.304084531086785	1.52872302962526	2.466097915943559
0.7388967786734035	1.304084531086785	1.52872302962526	2.466097915943559
0.7392057231720353	1.304084531086785	1.52872302962526	2.466097915943559
0.739514667670667	1.304084531086785	1.52872302962526	2.466097915943559
0.7398236121692987	1.304084531086785	1.52872302962526	2.466097915943559
0.7401325566679303	1.304084531086785	1.52872302962526	2.466097915943559
0.740441501166562	1.304084531086785	1.52872302962526	2.466097915943559
0.7407504456651937	1.304084531086785	1.52872302962526	2.466097915943559
0.7410593901638254	1.304084531086785	1.52872302962526	2.466097915943559
0.7413683346624571	1.304084531086785	1.52872302962526	2.466097915943559
0.7416772791610888	1.304084531086785	1.52872302962526	2.466097915943559
0.7419862236597204	1.304084531086785	1.52872302962526	2.466097915943559
0.7422951681583522	1.304084531086785	1.52872302962526	2.466097915943559
0.7426041126569839	1.304084531086785	1.52872302962526	2.466097915943559
0.7429130571556155	1.304084531086785	1.52872302962526	2.466097915943559
0.7432220016542472	1.304084531086785	1.52872302962526	2.466097915943559
0.743530946152879	1.304084531086785	1.52872302962526	2.466097915943559
0.7438398906515107	1.304084531086785	1.52872302962526	2.466097915943559
0.7441488351501423	1.304084531086785	1.52872302962526	2.466097915943559
0.744457779648774	1.304084531086785	1.52872302962526	2.466097915943559
0.7447667241474057	1.304084531086785	1.52872302962526	2.466097915943559
0.7450756686460374	1.304084531086785	1.52872302962526	2.466097915943559
0.7453846131446691	1.304084531086785	1.52872302962526	2.466097915943559
0.7456935576433008	1.304084531086785	1.52872302962526	2.466097915943559
0.7460025021419325	1.304084531086785	1.52872302962526	2.466097915943559
0.7463114466405641	1.304084531086785	1.52872302962526	2.466097915943559
0.7466203911391959	1.304084531086785	1.52872302962526	2.466097915943559
0.7469293356378275	1.304084531086785	1.52872302962526	2.466097915943559
0.7472382801364592	1.304084531086785	1.52872302962526	2.466097915943559
0.7475472246350909	1.304084531086785	1.52872302962526	2.466097915943559
0.7478561691337227	1.304084531086785	1.52872302962526	2.466097915943559
0.7481651136323543	1.304084531086785	1.52872302962526	2.466097915943559
0.748474058130986	1.304084531086785	1.52872302962526	2.466097915943559
0.7487830026296176	1.304084531086785	1.52872302962526	2.466097915943559
0.7490919471282493	1.304084531086785	1.52872302962526	2.466097915943559
0.7494008916268811	1.304084531086785	1.52872302962526	2.466097915943559
0.7497098361255128	1.304084531086785	1.52872302962526	2.466097915943559
0.7500187806241445	1.304084531086785	1.52872302962526	2.466097915943559
0.7503277251227761	1.304084531086785	1.52872302962526	2.466097915943559
0.7506366696214077	1.304084531086785	1.52872302962526	2.466097915943559
0.7509456141200395	1.304084531086785	1.52872302962526	2.466097915943559
0.7512545586186712	1.304084531086785	1.52872302962526	2.466097915943559
0.7515635031173029	1.304084531086785	1.52872302962526	2.466097915943559
0.7518724476159346	1.304084531086785	1.52872302962526	2.466097915943559
0.7521813921145664	1.304084531086785	1.52872302962526	2.466097915943559
0.752490336613198	1.304084531086785	1.52872302962526	2.466097915943559
0.7527992811118296	1.304084531086785	1.52872302962526	2.466097915943559
0.7531082256104613	1.304084531086785	1.52872302962526	2.466097915943559
0.753417170109093	1.304084531086785	1.52872302962526	2.466097915943559
0.7537261146077248	1.304084531086785	1.52872302962526	2.466097915943559
0.7540350591063565	1.304084531086785	1.52872302962526	2.466097915943559
0.7543440036049881	1.304084531086785	1.52872302962526	2.466097915943559
0.7546529481036198	1.304084531086785	1.52872302962526	2.466097915943559
0.7549618926022514	1.304084531086785	1.52872302962526	2.466097915943559
0.7552708371008832	1.304084531086785	1.52872302962526	2.466097915943559
0.7555797815995149	1.304084531086785	1.52872302962526	2.466097915943559
0.7558887260981466	1.304084531086785	1.52872302962526	2.466097915943559
0.7561976705967783	1.304084531086785	1.52872302962526	2.466097915943559
0.75650661509541	1.304084531086785	1.52872302962526	2.466097915943559
0.7568155595940416	1.304084531086785	1.52872302962526	2.466097915943559
0.7571245040926733	1.304084531086785	1.52872302962526	2.466097915943559
0.757433448591305	1.304084531086785	1.52872302962526	2.466097915943559
0.7577423930899367	1.304084531086785	1.52872302962526	2.466097915943559
0.7580513375885684	1.304084531086785	1.52872302962526	2.466097915943559
0.7583602820872001	1.304084531086785	1.52872302962526	2.466097915943559
0.7586692265858318	1.304084531086785	1.52872302962526	2.466097915943559
0.7589781710844634	1.304084531086785	1.52872302962526	2.466097915943559
0.7592871155830951	1.304084531086785	1.52872302962526	2.466097915943559
0.7595960600817269	1.304084531086785	1.52872302962526	2.466097915943559
0.7599050045803586	1.304084531086785	1.52872302962526	2.466097915943559
0.7602139490789902	1.304084531086785	1.52872302962526	2.466097915943559
0.7605228935776219	1.304084531086785	1.52872302962526	2.466097915943559
0.7608318380762535	1.304084531086785	1.52872302962526	2.466097915943559
0.7611407825748853	1.304084531086785	1.52872302962526	2.466097915943559
0.761449727073517	1.304084531086785	1.52872302962526	2.466097915943559
0.7617586715721487	1.304084531086785	1.52872302962526	2.466097915943559
0.7620676160707804	1.304084531086785	1.52872302962526	2.466097915943559
0.762376560569412	1.304084531086785	1.52872302962526	2.466097915943559
0.7626855050680437	1.304084531086785	1.52872302962526	2.466097915943559
0.7629944495666754	1.304084531086785	1.52872302962526	2.466097915943559
0.7633033940653071	1.304084531086785	1.52872302962526	2.466097915943559
0.7636123385639388	1.304084531086785	1.52872302962526	2.466097915943559
0.7639212830625706	1.304084531086785	1.52872302962526	2.466097915943559
0.7642302275612022	1.304084531086785	1.52872302962526	2.466097915943559
0.7645391720598339	1.304084531086785	1.52872302962526	2.466097915943559
0.7648481165584655	1.304084531086785	1.52872302962526	2.466097915943559
0.7651570610570972	1.304084531086785	1.52872302962526	2.466097915943559
0.765466005555729	1.304084531086785	1.52872302962526	2.466097915943559
0.7657749500543607	1.304084531086785	1.52872302962526	2.466097915943559
0.7660838945529924	1.304084531086785	1.52872302962526	2.466097915943559
0.766392839051624	1.304084531086785	1.52872302962526	2.466097915943559
0.7667017835502556	1.304084531086785	1.52872302962526	2.466097915943559
0.7670107280488874	1.304084531086785	1.52872302962526	2.466097915943559
0.7673196725475191	1.304084531086785	1.52872302962526	2.466097915943559
0.7676286170461508	1.304084531086785	1.52872302962526	2.466097915943559
0.7679375615447825	1.304084531086785	1.52872302962526	2.466097915943559
0.7682465060434143	1.304084531086785	1.52872302962526	2.466097915943559
0.7685554505420459	1.304084531086785	1.52872302962526	2.466097915943559
0.7688643950406775	1.304084531086785	1.52872302962526	2.466097915943559
0.7691733395393092	1.304084531086785	1.52872302962526	2.466097915943559
0.769482284037941	1.304084531086785	1.52872302962526	2.466097915943559
0.7697912285365727	1.304084531086785	1.52872302962526	2.466097915943559
0.7701001730352044	1.304084531086785	1.52872302962526	2.466097915943559
0.7704091175338361	1.304084531086785	1.52872302962526	2.466097915943559
0.7707180620324677	1.304084531086785	1.52872302962526	2.466097915943559
0.7710270065310993	1.304084531086785	1.52872302962526	2.466097915943559
0.7713359510297311	1.304084531086785	1.52872302962526	2.466097915943559
0.7716448955283628	1.304084531086785	1.52872302962526	2.466097915943559
0.7719538400269945	1.304084531086785	1.52872302962526	2.466097915943559
0.7722627845256261	1.304084531086785	1.52872302962526	2.466097915943559
0.7725717290242579	1.304084531086785	1.52872302962526	2.466097915943559
0.7728806735228896	1.304084531086785	1.52872302962526	2.466097915943559
0.7731896180215212	1.304084531086785	1.52872302962526	2.466097915943559
0.7734985625201529	1.304084531086785	1.52872302962526	2.466097915943559
0.7738075070187846	1.304084531086785	1.52872302962526	2.466097915943559
0.7741164515174163	1.304084531086785	1.52872302962526	2.466097915943559
0.774425396016048	1.304084531086785	1.52872302962526	2.466097915943559
0.7747343405146797	1.304084531086785	1.52872302962526	2.466097915943559
0.7750432850133113	1.304084531086785	1.52872302962526	2.466097915943559
0.775352229511943	1.304084531086785	1.52872302962526	2.466097915943559
0.7756611740105748	1.304084531086785	1.52872302962526	2.466097915943559
0.7759701185092065	1.304084531086785	1.52872302962526	2.466097915943559
0.7762790630078381	1.304084531086785	1.52872302962526	2.466097915943559
0.7765880075064697	1.304084531086785	1.52872302962526	2.466097915943559
0.7768969520051014	1.304084531086785	1.52872302962526	2.466097915943559
0.7772058965037332	1.304084531086785	1.52872302962526	2.466097915943559
0.7775148410023649	1.304084531086785	1.52872302962526	2.466097915943559
0.7778237855009966	1.304084531086785	1.52872302962526	2.466097915943559
0.7781327299996283	1.304084531086785	1.52872302962526	2.466097915943559
0.77844167449826	1.304084531086785	1.52872302962526	2.466097915943559
0.7787506189968916	1.304084531086785	1.52872302962526	2.466097915943559
0.7790595634955233	1.304084531086785	1.52872302962526	2.466097915943559
0.779368507994155	1.304084531086785	1.52872302962526	2.466097915943559
0.7796774524927867	1.304084531086785	1.52872302962526	2.466097915943559
0.7799863969914185	1.304084531086785	1.52872302962526	2.466097915943559
0.7802953414900502	1.304084531086785	1.52872302962526	2.466097915943559
0.7806042859886818	1.304084531086785	1.52872302962526	2.466097915943559
0.7809132304873134	1.304084531086785	1.52872302962526	2.466097915943559
0.7812221749859452	1.304084531086785	1.52872302962526	2.466097915943559
0.7815311194845769	1.304084531086785	1.52872302962526	2.466097915943559
0.7818400639832086	1.304084531086785	1.52872302962526	2.466097915943559
0.7821490084818403	1.304084531086785	1.52872302962526	2.466097915943559
0.7824579529804719	1.304084531086785	1.52872302962526	2.466097915943559
0.7827668974791037	1.304084531086785	1.52872302962526	2.466097915943559
0.7830758419777353	1.304084531086785	1.52872302962526	2.466097915943559
0.783384786476367	1.304084531086785	1.52872302962526	2.466097915943559
0.7836937309749987	1.304084531086785	1.52872302962526	2.466097915943559
0.7840026754736303	1.304084531086785	1.52872302962526	2.466097915943559
0.7843116199722622	1.304084531086785	1.52872302962526	2.466097915943559
0.7846205644708938	1.304084531086785	1.52872302962526	2.466097915943559
0.7849295089695254	1.304084531086785	1.52872302962526	2.466097915943559
0.7852384534681571	1.304084531086785	1.52872302962526	2.466097915943559
0.7855473979667889	1.304084531086785	1.52872302962526	2.466097915943559
0.7858563424654206	1.304084531086785	1.52872302962526	2.466097915943559
0.7861652869640522	1.304084531086785	1.52872302962526	2.466097915943559
0.7864742314626838	1.304084531086785	1.52872302962526	2.466097915943559
0.7867831759613156	1.304084531086785	1.52872302962526	2.466097915943559
0.7870921204599473	1.304084531086785	1.52872302962526	2.466097915943559
0.787401064958579	1.304084531086785	1.52872302962526	2.466097915943559
0.7877100094572107	1.304084531086785	1.52872302962526	2.466097915943559
0.7880189539558424	1.304084531086785	1.52872302962526	2.466097915943559
0.788327898454474	1.304084531086785	1.52872302962526	2.466097915943559
0.7886368429531058	1.304084531086785	1.52872302962526	2.466097915943559
0.7889457874517375	1.304084531086785	1.52872302962526	2.466097915943559
0.7892547319503691	1.304084531086785	1.52872302962526	2.466097915943559
0.7895636764490008	1.304084531086785	1.52872302962526	2.466097915943559
0.7898726209476326	1.304084531086785	1.52872302962526	2.466097915943559
0.7901815654462643	1.304084531086785	1.52872302962526	2.466097915943559
0.7904905099448959	1.304084531086785	1.52872302962526	2.466097915943559
0.7907994544435275	1.304084531086785	1.52872302962526	2.466097915943559
0.7911083989421592	1.304084531086785	1.52872302962526	2.466097915943559
0.791417343440791	1.304084531086785	1.52872302962526	2.466097915943559
0.7917262879394227	1.304084531086785	1.52872302962526	2.466097915943559
0.7920352324380544	1.304084531086785	1.52872302962526	2.466097915943559
0.792344176936686	1.304084531086785	1.52872302962526	2.466097915943559
0.7926531214353177	1.304084531086785	1.52872302962526	2.466097915943559
0.7929620659339494	1.304084531086785	1.52872302962526	2.466097915943559
0.7932710104325811	1.304084531086785	1.52872302962526	2.466097915943559
0.7935799549312128	1.304084531086785	1.52872302962526	2.466097915943559
0.7938888994298445	1.304084531086785	1.52872302962526	2.466097915943559
0.7941978439284763	1.304084531086785	1.52872302962526	2.466097915943559
0.7945067884271079	1.304084531086785	1.52872302962526	2.466097915943559
0.7948157329257395	1.304084531086785	1.52872302962526	2.466097915943559
0.7951246774243712	1.304084531086785	1.52872302962526	2.466097915943559
0.7954336219230029	1.304084531086785	1.52872302962526	2.466097915943559
0.7957425664216347	1.304084531086785	1.52872302962526	2.466097915943559
0.7960515109202664	1.304084531086785	1.52872302962526	2.466097915943559
0.7963604554188981	1.304084531086785	1.52872302962526	2.466097915943559
0.7966693999175297	1.304084531086785	1.52872302962526	2.466097915943559
0.7969783444161613	1.304084531086785	1.52872302962526	2.466097915943559
0.7972872889147931	1.304084531086785	1.52872302962526	2.466097915943559
0.7975962334134248	1.304084531086785	1.52872302962526	2.466097915943559
0.7979051779120565	1.304084531086785	1.52872302962526	2.466097915943559
0.7982141224106881	1.304084531086785	1.52872302962526	2.466097915943559
0.79852306690932	1.304084531086785	1.52872302962526	2.466097915943559
0.7988320114079516	1.304084531086785	1.52872302962526	2.466097915943559
0.7991409559065832	1.304084531086785	1.52872302962526	2.466097915943559
0.7994499004052149	1.304084531086785	1.52872302962526	2.466097915943559
0.7997588449038466	1.304084531086785	1.52872302962526	2.466097915943559
0.8000677894024784	1.304084531086785	1.52872302962526	2.466097915943559
0.80037673390111	1.304084531086785	1.52872302962526	2.466097915943559
0.8006856783997416	1.304084531086785	1.52872302962526	2.466097915943559
0.8009946228983734	1.304084531086785	1.52872302962526	2.466097915943559
0.801303567397005	1.304084531086785	1.52872302962526	2.466097915943559
0.8016125118956368	1.304084531086785	1.52872302962526	2.466097915943559
0.8019214563942685	1.304084531086785	1.52872302962526	2.466097915943559
0.8022304008929001	1.304084531086785	1.52872302962526	2.466097915943559
0.8025393453915318	1.304084531086785	1.52872302962526	2.466097915943559
0.8028482898901634	1.304084531086785	1.52872302962526	2.466097915943559
0.8031572343887952	1.304084531086785	1.52872302962526	2.466097915943559
0.8034661788874269	1.304084531086785	1.52872302962526	2.466097915943559
0.8037751233860586	1.304084531086785	1.52872302962526	2.466097915943559
0.8040840678846903	1.304084531086785	1.52872302962526	2.466097915943559
0.804393012383322	1.304084531086785	1.52872302962526	2.466097915943559
0.8047019568819536	1.304084531086785	1.52872302962526	2.466097915943559
0.8050109013805853	1.304084531086785	1.52872302962526	2.466097915943559
0.805319845879217	1.304084531086785	1.52872302962526	2.466097915943559
0.8056287903778487	1.304084531086785	1.52872302962526	2.466097915943559
0.8059377348764805	1.304084531086785	1.52872302962526	2.466097915943559
0.8062466793751122	1.304084531086785	1.52872302962526	2.466097915943559
0.8065556238737438	1.304084531086785	1.52872302962526	2.466097915943559
0.8068645683723754	1.304084531086785	1.52872302962526	2.466097915943559
0.8071735128710071	1.304084531086785	1.52872302962526	2.466097915943559
0.8074824573696389	1.304084531086785	1.52872302962526	2.466097915943559
0.8077914018682706	1.304084531086785	1.52872302962526	2.466097915943559
0.8081003463669023	1.304084531086785	1.52872302962526	2.466097915943559
0.808409290865534	1.304084531086785	1.52872302962526	2.466097915943559
0.8087182353641656	1.304084531086785	1.52872302962526	2.466097915943559
0.8090271798627973	1.304084531086785	1.52872302962526	2.466097915943559
0.809336124361429	1.304084531086785	1.52872302962526	2.466097915943559
0.8096450688600607	1.304084531086785	1.52872302962526	2.466097915943559
0.8099540133586924	1.304084531086785	1.52872302962526	2.466097915943559
0.8102629578573242	1.304084531086785	1.52872302962526	2.466097915943559
0.8105719023559558	1.304084531086785	1.52872302962526	2.466097915943559
0.8108808468545875	1.304084531086785	1.52872302962526	2.466097915943559
0.8111897913532191	1.304084531086785	1.52872302962526	2.466097915943559
0.8114987358518508	1.304084531086785	1.52872302962526	2.466097915943559
0.8118076803504826	1.304084531086785	1.52872302962526	2.466097915943559
0.8121166248491143	1.304084531086785	1.52872302962526	2.466097915943559
0.8124255693477459	1.304084531086785	1.52872302962526	2.466097915943559
0.8127345138463776	1.304084531086785	1.52872302962526	2.466097915943559
0.8130434583450092	1.304084531086785	1.52872302962526	2.466097915943559
0.813352402843641	1.304084531086785	1.52872302962526	2.466097915943559
0.8136613473422727	1.304084531086785	1.52872302962526	2.466097915943559
0.8139702918409044	1.304084531086785	1.52872302962526	2.466097915943559
0.8142792363395361	1.304084531086785	1.52872302962526	2.466097915943559
0.8145881808381678	1.304084531086785	1.52872302962526	2.466097915943559
0.8148971253367994	1.304084531086785	1.52872302962526	2.466097915943559
0.8152060698354311	1.304084531086785	1.52872302962526	2.466097915943559
0.8155150143340628	1.304084531086785	1.52872302962526	2.466097915943559
0.8158239588326945	1.304084531086785	1.52872302962526	2.466097915943559
0.8161329033313263	1.304084531086785	1.52872302962526	2.466097915943559
0.8164418478299579	1.304084531086785	1.52872302962526	2.466097915943559
0.8167507923285896	1.304084531086785	1.52872302962526	2.466097915943559
0.8170597368272212	1.304084531086785	1.52872302962526	2.466097915943559
0.8173686813258529	1.304084531086785	1.52872302962526	2.466097915943559
0.8176776258244847	1.304084531086785	1.52872302962526	2.466097915943559
0.8179865703231164	1.304084531086785	1.52872302962526	2.466097915943559
0.8182955148217481	1.304084531086785	1.52872302962526	2.466097915943559
0.8186044593203797	1.304084531086785	1.52872302962526	2.466097915943559
0.8189134038190113	1.304084531086785	1.52872302962526	2.466097915943559
0.8192223483176431	1.304084531086785	1.52872302962526	2.466097915943559
0.8195312928162748	1.304084531086785	1.52872302962526	2.466097915943559
0.8198402373149065	1.304084531086785	1.52872302962526	2.466097915943559
0.8201491818135382	1.304084531086785	1.52872302962526	2.466097915943559
0.8204581263121699	1.304084531086785	1.52872302962526	2.466097915943559
0.8207670708108016	1.304084531086785	1.52872302962526	2.466097915943559
0.8210760153094332	1.304084531086785	1.52872302962526	2.466097915943559
0.8213849598080649	1.304084531086785	1.52872302962526	2.466097915943559
0.8216939043066966	1.304084531086785	1.52872302962526	2.466097915943559
0.8220028488053284	1.304084531086785	1.52872302962526	2.466097915943559
0.8223117933039601	1.304084531086785	1.52872302962526	2.466097915943559
0.8223117933039601	0.5	0.0	0.571
0.8239233522704797	0.5	0.0	0.571
0.8255349112369996	0.5	0.0	0.571
0.8271464702035194	0.5	0.0	0.571
0.8287580291700392	0.5	0.0	0.571
0.8303695881365589	0.5	0.0	0.571
0.8319811471030788	0.5	0.0	0.571
0.8335927060695987	0.5	0.0	0.571
0.8352042650361184	0.5	0.0	0.571
0.8368158240026382	0.5	0.0	0.571
0.838427382969158	0.5	0.0	0.571
0.8400389419356777	0.5	0.0	0.571
0.8416505009021976	0.5	0.0	0.571
0.8432620598687174	0.5	0.0	0.571
0.8448736188352373	0.5	0.0	0.571
0.846485177801757	0.5	0.0	0.571
0.8480967367682768	0.5	0.0	0.571
0.8497082957347966	0.5	0.0	0.571
0.8513198547013164	0.5	0.0	0.571
0.8529314136678362	0.5	0.0	0.571
0.8545429726343561	0.5	0.0	0.571
0.8561545316008758	0.5	0.0	0.571
0.8577660905673956	0.5	0.0	0.571
0.8593776495339154	0.5	0.0	0.571
0.8609892085004353	0.5	0.0	0.571
0.862600767466955	0.5	0.0	0.571
0.8642123264334748	0.5	0.0	0.571
0.8658238853999947	0.5	0.0	0.571
0.8674354443665144	0.5	0.0	0.571
0.8690470033330342	0.5	0.0	0.571
0.870658562299554	0.5	0.0	0.571
0.8722701212660738	0.5	0.0	0.571
0.8738816802325936	0.5	0.0	0.571
0.8754932391991135	0.5	0.0	0.571
0.8771047981656332	0.5	0.0	0.571
0.878716357132153	0.5	0.0	0.571
0.8803279160986728	0.5	0.0	0.571
0.8819394750651925	0.5	0.0	0.571
0.8835510340317124	0.5	0.0	0.571
0.8851625929982323	0.5	0.0	0.571
0.8867741519647521	0.5	0.0	0.571
0.8883857109312718	0.5	0.0	0.571
0.8899972698977916	0.5	0.0	0.571
0.8916088288643115	0.5	0.0	0.571
0.8932203878308311	0.5	0.0	0.571
0.8948319467973511	0.5	0.0	0.571
0.8964435057638708	0.5	0.0	0.571
0.8980550647303907	0.5	0.0	0.571
0.8996666236969104	0.5	0.0	0.571
0.9012781826634302	0.5	0.0	0.571
0.90288974162995	0.5	0.0	0.571
0.9045013005964697	0.5	0.0	0.571
0.9061128595629897	0.5	0.0	0.571
0.9077244185295095	0.5	0.0	0.571
0.9093359774960292	0.5	0.0	0.571
0.910947536462549	0.5	0.0	0.571
0.9125590954290688	0.5	0.0	0.571
0.9141706543955888	0.5	0.0	0.571
0.9157822133621084	0.5	0.0	0.571
0.9173937723286283	0.5	0.0	0.571
0.919005331295148	0.5	0.0	0.571
0.9206168902616678	0.5	0.0	0.571
0.9222284492281876	0.5	0.0	0.571
0.9238400081947074	0.5	0.0	0.571
0.9254515671612273	0.5	0.0	0.571
0.927063126127747	0.5	0.0	0.571
0.9286746850942669	0.5	0.0	0.571
0.9302862440607866	0.5	0.0	0.571
0.9318978030273064	0.5	0.0	0.571
0.9335093619938262	0.5	0.0	0.571
0.935120920960346	0.5	0.0	0.571
0.9367324799268658	0.5	0.0	0.571
0.9383440388933856	0.5	0.0	0.571
0.9399555978599055	0.5	0.0	0.571
0.9415671568264252	0.5	0.0	0.571
0.943178715792945	0.5	0.0	0.571
0.9447902747594648	0.5	0.0	0.571
0.9464018337259846	0.5	0.0	0.571
0.9480133926925045	0.5	0.0	0.571
0.9496249516590243	0.5	0.0	0.571
0.951236510625544	0.5	0.0	0.571
0.9528480695920638	0.5	0.0	0.571
0.9544596285585837	0.5	0.0	0.571
0.9560711875251033	0.5	0.0	0.571
0.9576827464916232	0.5	0.0	0.571
0.959294305458143	0.5	0.0	0.571
0.9609058644246629	0.5	0.0	0.571
0.9625174233911826	0.5	0.0	0.571
0.9641289823577024	0.5	0.0	0.571
0.9657405413242223	0.5	0.0	0.571
0.9673521002907419	0.5	0.0	0.571
0.9689636592572619	0.5	0.0	0.571
0.9705752182237816	0.5	0.0	0.571
0.9721867771903014	0.5	0.0	0.571
0.9737983361568212	0.5	0.0	0.571
0.975409895123341	0.5	0.0	0.571
0.9770214540898609	0.5	0.0	0.571
0.9786330130563805	0.5	0.0	0.571
0.9802445720229005	0.5	0.0	0.571
0.9818561309894203	0.5	0.0	0.571
0.98346768995594	0.5	0.0	0.571
0.9850792489224598	0.5	0.0	0.571
0.9866908078889796	0.5	0.0	0.571
0.9883023668554995	0.5	0.0	0.571
0.9899139258220192	0.5	0.0	0.571
0.9915254847885391	0.5	0.0	0.571
0.9931370437550588	0.5	0.0	0.571
0.9947486027215786	0.5	0.0	0.571
0.9963601616880984	0.5	0.0	0.571
0.9979717206546181	0.5	0.0	0.571
0.9995832796211381	0.5	0.0	0.571
1.001194838587658	0.5	0.0	0.571
1.0028063975541777	0.5	0.0	0.571
1.0044179565206974	0.5	0.0	0.571
1.0060295154872172	0.5	0.0	0.571
1.007641074453737	0.5	0.0	0.571
1.0092526334202567	0.5	0.0	0.571
1.0108641923867765	0.5	0.0	0.571
1.0124757513532963	0.5	0.0	0.571
1.0140873103198162	0.5	0.0	0.571
1.015698869286336	0.5	0.0	0.571
1.0173104282528558	0.5	0.0	0.571
1.0189219872193755	0.5	0.0	0.571
1.0205335461858955	0.5	0.0	0.571
1.0221451051524153	0.5	0.0	0.571
1.023756664118935	0.5	0.0	0.571
1.0253682230854548	0.5	0.0	0.571
1.0269797820519746	0.5	0.0	0.571
1.0285913410184944	0.5	0.0	0.571
1.0302028999850141	0.5	0.0	0.571
1.031814458951534	0.5	0.0	0.571
1.0334260179180539	0.5	0.0	0.571
1.0350375768845737	0.5	0.0	0.571
1.0366491358510934	0.5	0.0	0.571
1.0382606948176132	0.5	0.0	0.571
1.0398722537841332	0.5	0.0	0.571
1.041483812750653	0.5	0.0	0.571
1.0430953717171727	0.5	0.0	0.571
1.0447069306836925	0.5	0.0	0.571
1.0463184896502122	0.5	0.0	0.571
1.047930048616732	0.5	0.0	0.571
1.0495416075832518	0.5	0.0	0.571
1.0511531665497715	0.5	0.0	0.571
1.0527647255162913	0.5	0.0	0.571
1.0543762844828113	0.5	0.0	0.571
1.055987843449331	0.5	0.0	0.571
1.0575994024158508	0.5	0.0	0.571
1.0592109613823706	0.5	0.0	0.571
1.0608225203488906	0.5	0.0	0.571
1.0624340793154103	0.5	0.0	0.571
1.06404563828193	0.5	0.0	0.571
1.0656571972484499	0.5	0.0	0.571
1.0672687562149696	0.5	0.0	0.571
1.0688803151814894	0.5	0.0	0.571
1.0704918741480092	0.5	0.0	0.571
1.072103433114529	0.5	0.0	0.571
1.0737149920810487	0.5	0.0	0.571
1.0753265510475687	0.5	0.0	0.571
1.0769381100140885	0.5	0.0	0.571
1.0785496689806082	0.5	0.0	0.571
1.080161227947128	0.5	0.0	0.571
1.081772786913648	0.5	0.0	0.571
1.0833843458801677	0.5	0.0	0.571
1.0849959048466875	0.5	0.0	0.571
1.0866074638132073	0.5	0.0	0.571
1.088219022779727	0.5	0.0	0.571
1.0898305817462468	0.5	0.0	0.571
1.0914421407127666	0.5	0.0	0.571
1.0930536996792863	0.5	0.0	0.571
1.094665258645806	0.5	0.0	0.571
1.0962768176123259	0.5	0.0	0.571
1.0978883765788459	0.5	0.0	0.571
1.0994999355453656	0.5	0.0	0.571
1.1011114945118856	0.5	0.0	0.571
1.1027230534784054	0.5	0.0	0.571
1.1043346124449251	0.5	0.0	0.571
1.105946171411445	0.5	0.0	0.571
1.1075577303779647	0.5	0.0	0.571
1.1091692893444844	0.5	0.0	0.571
1.1107808483110042	0.5	0.0	0.571
1.112392407277524	0.5	0.0	0.571
1.1140039662440437	0.5	0.0	0.571
1.1156155252105637	0.5	0.0	0.571
1.1172270841770833	0.5	0.0	0.571
1.118838643143603	0.5	0.0	0.571
1.120450202110123	0.5	0.0	0.571
1.122061761076643	0.5	0.0	0.571
1.1236733200431626	0.5	0.0	0.571
1.1252848790096825	0.5	0.0	0.571
1.1268964379762023	0.5	0.0	0.571
1.128507996942722	0.5	0.0	0.571
1.1301195559092418	0.5	0.0	0.571
1.1317311148757616	0.5	0.0	0.571
1.1333426738422814	0.5	0.0	0.571
1.1349542328088011	0.5	0.0	0.571
1.1365657917753211	0.5	0.0	0.571
1.1381773507418407	0.5	0.0	0.571
1.1397889097083604	0.5	0.0	0.571
1.1414004686748804	0.5	0.0	0.571
1.1430120276414004	0.5	0.0	0.571
