   0.0000000000000000        7.3433561148786807E-004
   1.0000000000000000E-002   4.4848937107482599E-003
   2.0000000000000000E-002   1.1420069589521095E-002
   2.9999999999999999E-002   1.9712136539559087E-002
   4.0000000000000001E-002   2.8170051337213193E-002
   5.0000000000000003E-002   3.6431440199608672E-002
   5.9999999999999998E-002   4.4503563993273473E-002
   7.0000000000000007E-002   5.2455506354650183E-002
   8.0000000000000002E-002   6.0326885837877521E-002
   8.9999999999999997E-002   6.8130290181872513E-002
  0.10000000000000001        7.5868739201412308E-002
  0.11000000000000000        8.3545927538996159E-002
  0.12000000000000000        9.1169436913861465E-002
  0.13000000000000000        9.8750428493223560E-002
  0.14000000000000001       0.10630196375693267     
  0.14999999999999999       0.11383698982933345     
  0.16000000000000000       0.12136657705254873     
  0.17000000000000001       0.12889877297344893     
  0.17999999999999999       0.13643821470400591     
  0.19000000000000000       0.14398642309224066     
  0.20000000000000001       0.15154255236138342     
  0.20999999999999999       0.15910432129616320     
  0.22000000000000000       0.16666889165882706     
  0.23000000000000001       0.17423354502791957     
  0.23999999999999999       0.18179610014219474     
  0.25000000000000000       0.18935508390762940     
  0.26000000000000001       0.19690971176975477     
  0.27000000000000002       0.20445974930511468     
  0.28000000000000003       0.21200532355199384     
  0.28999999999999998       0.21954673758112056     
  0.29999999999999999       0.22708432200983408     
  0.31000000000000000       0.23461833791623468     
  0.32000000000000001       0.24214893038880189     
  0.33000000000000002       0.24967612234408634     
  0.34000000000000002       0.25719983421630632     
  0.35000000000000003       0.26471991549123258     
  0.35999999999999999       0.27223617713120435     
  0.37000000000000000       0.27974841806251455     
  0.38000000000000000       0.28725644280800239     
  0.39000000000000001       0.29476007031183132     
  0.40000000000000002       0.30225913577467667     
  0.41000000000000003       0.30975348800095182     
  0.41999999999999998       0.31724298464944894     
  0.42999999999999999       0.32472748721927819     
  0.44000000000000000       0.33220685689443064     
  0.45000000000000001       0.33968095172025725     
  0.46000000000000002       0.34714962510908692     
  0.47000000000000003       0.35461272539430067     
  0.47999999999999998       0.36207009605424267     
  0.48999999999999999       0.36952157623664367     
  0.50000000000000000       0.37696700133528710     
  0.51000000000000001       0.38440620341314036     
  0.52000000000000002       0.39183901148722250     
  0.53000000000000003       0.39926525151816039     
  0.54000000000000004       0.40668474646005481     
  0.55000000000000004       0.41409731584235798     
  0.56000000000000005       0.42150277596686275     
  0.57000000000000006       0.42890093895097220     
  0.57999999999999996       0.43629161377650261     
  0.58999999999999997       0.44367460395162689     
  0.59999999999999998       0.45104971087336859     
  0.60999999999999999       0.45841672781740289     
  0.62000000000000000       0.46577544931948545     
  0.63000000000000000       0.47312565543624513     
  0.64000000000000001       0.48046713650233336     
  0.65000000000000002       0.48779965326975039     
  0.66000000000000003       0.49512299927223008     
  0.67000000000000004       0.50243690227209248     
  0.68000000000000005       0.50974117749486381     
  0.69000000000000006       0.51703548944749878     
  0.70000000000000007       0.52431971826676349     
  0.70999999999999996       0.53159339750653167     
  0.71999999999999997       0.53885657096709338     
  0.72999999999999998       0.54610849111546655     
  0.73999999999999999       0.55334958548692659     
  0.75000000000000000       0.56057849677884819     
  0.76000000000000001       0.56779651702071277     
  0.77000000000000002       0.57500096889696817     
  0.78000000000000003       0.58219504696407631     
  0.79000000000000004       0.58937323346103665     
  0.80000000000000004       0.59654283260312158     
  0.81000000000000005       0.60369228004272735     
  0.82000000000000006       0.61083762872362168     
  0.83000000000000007       0.61795456119820025     
  0.83999999999999997       0.62507752779016756     
  0.84999999999999998       0.63215560409486182     
  0.85999999999999999       0.63926148027574392     
  0.87000000000000000       0.64628925410640903     
  0.88000000000000000       0.65339031170574480     
  0.89000000000000001       0.66034625246748113     
  0.90000000000000002       0.66746884876682466     
  0.91000000000000003       0.67431157956287935     
  0.92000000000000004       0.68151021102651976     
  0.93000000000000005       0.68815928145890704     
  0.94000000000000006       0.69554362872712527     
  0.95000000000000007       0.70184077630099240     
  0.95999999999999996       0.70965030017876851     
  0.96999999999999997       0.71525210012149443     
  0.97999999999999998       0.72514675241767668     
  0.98999999999999999       0.72008440862006140     
   1.0000000000000000        4.1076340514563112E-003
   1.0100000000000000      -0.72472988441052189     
   1.0200000000000000      -0.72432070275297467     
   1.0300000000000000      -0.71562895813343419     
   1.0400000000000000      -0.70949727694341258     
   1.0500000000000000      -0.70195771589339540     
   1.0600000000000001      -0.69546228298567392     
   1.0700000000000001      -0.68821348399091387     
   1.0800000000000001      -0.68146942718820769     
   1.0900000000000001      -0.67433882286579683     
   1.1000000000000001      -0.66744907093113381     
   1.1100000000000001      -0.66035983197921744     
   1.1200000000000001      -0.65338072079631648     
   1.1300000000000001      -0.64629590021037653     
   1.1400000000000001      -0.63925684822790618     
   1.1500000000000001      -0.63215880929269275     
   1.1599999999999999      -0.62507531075422185     
   1.1699999999999999      -0.61795608933689672     
   1.1799999999999999      -0.61083657849900896     
   1.1899999999999999      -0.60369299912565000     
   1.2000000000000000      -0.59654234212411028     
   1.2100000000000000      -0.58937356782806383     
   1.2200000000000000      -0.58219482079357010     
   1.2300000000000000      -0.57500112255402402     
   1.2400000000000000      -0.56779641502633615     
   1.2500000000000000      -0.56057856665364070     
   1.2600000000000000      -0.55334954049776808     
   1.2700000000000000      -0.54610852263663767     
   1.2800000000000000      -0.53885655152552769     
   1.2900000000000000      -0.53159341105724511     
   1.3000000000000000      -0.52431970928925253     
   1.3100000000000001      -0.51703549403718674     
   1.3200000000000001      -0.50974117208314262     
   1.3300000000000001      -0.50243690217715831     
   1.3400000000000001      -0.49512299496853107     
   1.3500000000000001      -0.48779965135316283     
   1.3600000000000001      -0.48046713342486869     
   1.3700000000000001      -0.47312565397687506     
   1.3800000000000001      -0.46577544817388206     
   1.3900000000000001      -0.45841672798117483     
   1.4000000000000001      -0.45104971167087615     
   1.4099999999999999      -0.44367460549395787     
   1.4199999999999999      -0.43629161557321683     
   1.4299999999999999      -0.42890094080524799     
   1.4399999999999999      -0.42150277753738491     
   1.4500000000000000      -0.41409731696285279     
   1.4600000000000000      -0.40668474700076923     
   1.4700000000000000      -0.39926525147322228     
   1.4800000000000000      -0.39183901093863022     
   1.4900000000000000      -0.38440620255711833     
   1.5000000000000000      -0.37696700047503795     
   1.5100000000000000      -0.36952157578499473     
   1.5200000000000000      -0.36207009650357935     
   1.5300000000000000      -0.35461272723358550     
   1.5400000000000000      -0.34714962866724863     
   1.5500000000000000      -0.33968095692722938     
   1.5600000000000001      -0.33220686298659674     
   1.5700000000000001      -0.32472749246486926     
   1.5800000000000001      -0.31724298622830110     
   1.5900000000000001      -0.30975348221886811     
   1.6000000000000001      -0.30225911880480349     
   1.6100000000000001      -0.29476003959575009     
   1.6200000000000001      -0.28725639908816825     
   1.6300000000000001      -0.27974836774244433     
   1.6400000000000001      -0.27223613429160626     
   1.6500000000000001      -0.26471990250494942     
   1.6600000000000001      -0.25719987964315028     
   1.6699999999999999      -0.24967625484398392     
   1.6799999999999999      -0.24214916798254121     
   1.6899999999999999      -0.23461867320663388     
   1.7000000000000000      -0.22708470595082561     
   1.7100000000000000      -0.21954706677248556     
   1.7200000000000000      -0.21200543821496592     
   1.7300000000000000      -0.20445945009302569     
   1.7400000000000000      -0.19690880224444540     
   1.7500000000000000      -0.18935344086125669     
   1.7600000000000000      -0.18179376552903201     
   1.7700000000000000      -0.17423082168082182     
   1.7800000000000000      -0.16666641220542147     
   1.7900000000000000      -0.15910304943262177     
   1.8000000000000000      -0.15154367320327791     
   1.8100000000000001      -0.14399109100559018     
   1.8200000000000001      -0.13644715816120548     
   1.8300000000000001      -0.12891180715792669     
   1.8400000000000001      -0.12138213706521940     
   1.8500000000000001      -0.11385184883016458     
   1.8600000000000001      -0.10631131134544153     
   1.8700000000000001       -9.8748431010746998E-002
   1.8800000000000001       -9.1150283261659790E-002
   1.8900000000000001       -8.3505215219415493E-002
   1.9000000000000001       -7.5804933757355059E-002
   1.9100000000000001       -6.8045963258647868E-002
   1.9199999999999999       -6.0229578065839472E-002
   1.9299999999999999       -5.2358458789982770E-002
   1.9399999999999999       -4.4427180053567467E-002
   1.9500000000000000       -3.6406491536094640E-002
   1.9600000000000000       -2.8241172067437689E-002
   1.9700000000000000       -1.9932194269712527E-002
   1.9800000000000000       -1.1815905161392486E-002
   1.9900000000000000       -4.9798367827315580E-003
   2.0000000000000000       -1.0819096202566330E-003
