-0.04966629547095758	1.0	-2.0	0.4	0.4
-0.04829212973228025	1.0	-2.0	0.4	0.4
-0.04691796399360282	1.0	-2.0	0.4	0.4
-0.045543798254925494	1.0	-2.0	0.4	0.4
-0.04416963251624806	1.0	-2.0	0.4	0.4
-0.04279546677757062	1.0	-2.0	0.4	0.4
-0.0414213010388933	1.0	-2.0	0.4	0.4
-0.040047135300215864	1.0	-2.0	0.4	0.4
-0.03867296956153854	1.0	-2.0	0.4	0.4
-0.037298803822861104	1.0	-2.0	0.4	0.4
-0.03592463808418367	1.0	-2.0	0.4	0.4
-0.034550472345506344	1.0	-2.0	0.4	0.4
-0.0331763066068288	1.0	-2.0	0.4	0.4
-0.031802140868151585	1.0	-2.0	0.4	0.4
-0.03042797512947404	1.0	-2.0	0.4	0.4
-0.029053809390796714	1.0	-2.0	0.4	0.4
-0.02767964365211928	1.0	-2.0	0.4	0.4
-0.026305477913441955	1.0	-2.0	0.4	0.4
-0.02493131217476452	1.0	-2.0	0.4	0.4
-0.023557146436087084	1.0	-2.0	0.4	0.4
-0.02218298069740976	1.0	-2.0	0.4	0.4
-0.020808814958732325	1.0	-2.0	0.4	0.4
-0.01943464922005489	1.0	-2.0	0.4	0.4
-0.018060483481377565	1.0	-2.0	0.4	0.4
-0.01668631774270013	1.0	-2.0	0.4	0.4
-0.015312152004022805	1.0	-2.0	0.4	0.4
-0.01393798626534537	1.0	-2.0	0.4	0.4
-0.012563820526667935	1.0	-2.0	0.4	0.4
-0.01118965478799061	1.0	-2.0	0.4	0.4
-0.009815489049313175	1.0	-2.0	0.4	0.4
-0.008441323310635851	1.0	-2.0	0.4	0.4
-0.007067157571958416	1.0	-2.0	0.4	0.4
-0.00569299183328098	1.0	-2.0	0.4	0.4
-0.004318826094603656	1.0	-2.0	0.4	0.4
-0.0029446603559262208	1.0	-2.0	0.4	0.4
-0.0015704946172488965	1.0	-2.0	0.4	0.4
-0.0001963288785714612	1.0	-2.0	0.4	0.4
0.0011778368601059186	1.0	-2.0	0.4	0.4
0.0025520025987832984	1.0	-2.0	0.4	0.4
0.003926168337460789	1.0	-2.0	0.4	0.4
0.0053003340761381135	1.0	-2.0	0.4	0.4
0.006674499814815604	1.0	-2.0	0.4	0.4
0.008048665553492873	1.0	-2.0	0.4	0.4
0.009422831292170364	1.0	-2.0	0.4	0.4
0.010796997030847688	1.0	-2.0	0.4	0.4
0.012171162769525123	1.0	-2.0	0.4	0.4
0.013545328508202559	1.0	-2.0	0.4	0.4
0.014919494246879939	1.0	-2.0	0.4	0.4
0.01629365998555732	1.0	-2.0	0.4	0.4
0.017667825724234698	1.0	-2.0	0.4	0.4
0.019041991462912078	1.0	-2.0	0.4	0.4
0.020416157201589402	1.0	-2.0	0.4	0.4
0.021790322940266893	1.0	-2.0	0.4	0.4
0.023164488678944273	1.0	-2.0	0.4	0.4
0.024538654417621653	1.0	-2.0	0.4	0.4
0.025912820156299032	1.0	-2.0	0.4	0.4
0.027286985894976468	1.0	-2.0	0.4	0.4
0.028661151633653847	1.0	-2.0	0.4	0.4
0.030035317372331227	1.0	-2.0	0.4	0.4
0.03140948311100861	1.0	-2.0	0.4	0.4
0.03278364884968599	1.0	-2.0	0.4	0.4
0.03415781458836342	1.0	-2.0	0.4	0.4
0.0355319803270408	1.0	-2.0	0.4	0.4
0.03690614606571818	1.0	-2.0	0.4	0.4
0.03828031180439556	1.0	-2.0	0.4	0.4
0.03965447754307294	1.0	-2.0	0.4	0.4
0.04102864328175043	1.0	-2.0	0.4	0.4
0.042402809020427756	1.0	-2.0	0.4	0.4
0.04377697475910525	1.0	-2.0	0.4	0.4
0.045151140497782516	1.0	-2.0	0.4	0.4
0.04652530623646001	1.0	-2.0	0.4	0.4
0.04789947197513733	1.0	-2.0	0.4	0.4
0.04927363771381471	1.0	-2.0	0.4	0.4
0.0506478034524922	1.0	-2.0	0.4	0.4
0.05202196919116958	1.0	-2.0	0.4	0.4
0.05339613492984696	1.0	-2.0	0.4	0.4
0.054770300668524285	1.0	-2.0	0.4	0.4
0.05614446640720172	1.0	-2.0	0.4	0.4
0.057518632145879156	1.0	-2.0	0.4	0.4
0.058892797884556536	1.0	-2.0	0.4	0.4
0.060266963623233916	1.0	-2.0	0.4	0.4
0.061641129361911295	1.0	-2.0	0.4	0.4
0.06301529510058868	1.0	-2.0	0.4	0.4
0.06438946083926611	1.0	-2.0	0.4	0.4
0.06576362657794349	1.0	-2.0	0.4	0.4
0.06713779231662087	1.0	-2.0	0.4	0.4
0.06851195805529825	1.0	-2.0	0.4	0.4
0.06988612379397563	1.0	-2.0	0.4	0.4
0.07126028953265306	1.0	-2.0	0.4	0.4
0.07263445527133044	1.0	-2.0	0.4	0.4
0.07400862101000782	1.0	-2.0	0.4	0.4
0.0753827867486852	1.0	-2.0	0.4	0.4
0.07675695248736258	1.0	-2.0	0.4	0.4
0.07813111822604007	1.0	-2.0	0.4	0.4
0.0795052839647174	1.0	-2.0	0.4	0.4
0.08087944970339489	1.0	-2.0	0.4	0.4
0.08225361544207216	1.0	-2.0	0.4	0.4
0.08362778118074954	1.0	-2.0	0.4	0.4
0.08500194691942697	1.0	-2.0	0.4	0.4
0.08637611265810441	1.0	-2.0	0.4	0.4
0.08775027839678184	1.0	-2.0	0.4	0.4
0.08912444413545911	1.0	-2.0	0.4	0.4
0.0904986098741366	1.0	-2.0	0.4	0.4
0.09187277561281398	1.0	-2.0	0.4	0.4
0.09324694135149136	1.0	-2.0	0.4	0.4
0.09462110709016869	1.0	-2.0	0.4	0.4
0.09599527282884618	1.0	-2.0	0.4	0.4
0.09736943856752356	1.0	-2.0	0.4	0.4
0.09874360430620094	1.0	-2.0	0.4	0.4
0.10011777004487832	1.0	-2.0	0.4	0.4
0.10149193578355575	1.0	-2.0	0.4	0.4
0.10286610152223319	1.0	-2.0	0.4	0.4
0.10424026726091051	1.0	-2.0	0.4	0.4
0.10561443299958789	1.0	-2.0	0.4	0.4
0.10698859873826527	1.0	-2.0	0.4	0.4
0.10836276447694271	1.0	-2.0	0.4	0.4
0.10973693021562014	1.0	-2.0	0.4	0.4
0.11111109595429747	1.0	-2.0	0.4	0.4
0.11248526169297479	1.0	-2.0	0.4	0.4
0.11385942743165223	1.0	-2.0	0.4	0.4
0.11523359317032966	1.0	-2.0	0.4	0.4
0.11660775890900704	1.0	-2.0	0.4	0.4
0.11798192464768442	1.0	-2.0	0.4	0.4
0.11935609038636186	1.0	-2.0	0.4	0.4
0.12073025612503924	1.0	-2.0	0.4	0.4
0.12210442186371662	1.0	-2.0	0.4	0.4
0.123478587602394	1.0	-2.0	0.4	0.4
0.12485275334107143	1.0	-2.0	0.4	0.4
0.12622691907974887	1.0	-2.0	0.4	0.4
0.1276010848184262	1.0	-2.0	0.4	0.4
0.12897525055710357	1.0	-2.0	0.4	0.4
0.130349416295781	1.0	-2.0	0.4	0.4
0.13172358203445844	1.0	-2.0	0.4	0.4
0.13309774777313582	1.0	-2.0	0.4	0.4
0.13447191351181315	1.0	-2.0	0.4	0.4
0.13584607925049058	1.0	-2.0	0.4	0.4
0.13722024498916802	1.0	-2.0	0.4	0.4
0.1385944107278454	1.0	-2.0	0.4	0.4
0.13996857646652272	1.0	-2.0	0.4	0.4
0.14134274220520016	1.0	-2.0	0.4	0.4
0.1427169079438776	1.0	-2.0	0.4	0.4
0.14409107368255492	1.0	-2.0	0.4	0.4
0.14546523942123235	1.0	-2.0	0.4	0.4
0.14683940515990968	1.0	-2.0	0.4	0.4
0.1482135708985871	1.0	-2.0	0.4	0.4
0.14958773663726455	1.0	-2.0	0.4	0.4
0.15096190237594187	1.0	-2.0	0.4	0.4
0.1523360681146193	1.0	-2.0	0.4	0.4
0.15371023385329668	1.0	-2.0	0.4	0.4
0.15508439959197412	1.0	-2.0	0.4	0.4
0.15645856533065144	1.0	-2.0	0.4	0.4
0.15783273106932882	1.0	-2.0	0.4	0.4
0.15920689680800626	1.0	-2.0	0.4	0.4
0.1605810625466837	1.0	-2.0	0.4	0.4
0.16195522828536107	1.0	-2.0	0.4	0.4
0.1633293940240384	1.0	-2.0	0.4	0.4
0.16470355976271583	1.0	-2.0	0.4	0.4
0.16607772550139327	1.0	-2.0	0.4	0.4
0.16745189124007065	1.0	-2.0	0.4	0.4
0.16882605697874803	1.0	-2.0	0.4	0.4
0.1702002227174254	1.0	-2.0	0.4	0.4
0.17157438845610284	1.0	-2.0	0.4	0.4
0.17294855419478022	1.0	-2.0	0.4	0.4
0.1743227199334576	1.0	-2.0	0.4	0.4
0.17569688567213504	1.0	-2.0	0.4	0.4
0.17707105141081247	1.0	-2.0	0.4	0.4
0.1784452171494898	1.0	-2.0	0.4	0.4
0.17981938288816712	1.0	-2.0	0.4	0.4
0.18119354862684456	1.0	-2.0	0.4	0.4
0.182567714365522	1.0	-2.0	0.4	0.4
0.18394188010419937	1.0	-2.0	0.4	0.4
0.18531604584287675	1.0	-2.0	0.4	0.4
0.18669021158155408	1.0	-2.0	0.4	0.4
0.1880643773202315	1.0	-2.0	0.4	0.4
0.18943854305890895	1.0	-2.0	0.4	0.4
0.19081270879758633	1.0	-2.0	0.4	0.4
0.1921868745362637	1.0	-2.0	0.4	0.4
0.1935610402749411	1.0	-2.0	0.4	0.4
0.19493520601361852	1.0	-2.0	0.4	0.4
0.1963093717522959	1.0	-2.0	0.4	0.4
0.19768353749097328	1.0	-2.0	0.4	0.4
0.19905770322965072	1.0	-2.0	0.4	0.4
0.20043186896832815	1.0	-2.0	0.4	0.4
0.20180603470700548	1.0	-2.0	0.4	0.4
0.20318020044568286	1.0	-2.0	0.4	0.4
0.2045543661843603	1.0	-2.0	0.4	0.4
0.20592853192303773	1.0	-2.0	0.4	0.4
0.20730269766171505	1.0	-2.0	0.4	0.4
0.20867686340039243	1.0	-2.0	0.4	0.4
0.21005102913906987	1.0	-2.0	0.4	0.4
0.2114251948777473	1.0	-2.0	0.4	0.4
0.21279936061642468	1.0	-2.0	0.4	0.4
0.214173526355102	1.0	-2.0	0.4	0.4
0.21554769209377939	1.0	-2.0	0.4	0.4
0.21692185783245682	1.0	-2.0	0.4	0.4
0.21829602357113426	1.0	-2.0	0.4	0.4
0.21967018930981164	1.0	-2.0	0.4	0.4
0.22104435504848896	1.0	-2.0	0.4	0.4
0.2224185207871664	1.0	-2.0	0.4	0.4
0.22379268652584383	1.0	-2.0	0.4	0.4
0.2251668522645212	1.0	-2.0	0.4	0.4
0.22548673013645143	0.9964429486527729	-1.9973343510672477	0.3980094693479244	0.39943026330413367
0.22580798219797327	0.9928808109121336	-1.9946572505545657	0.3960189386958488	0.3988584876890073
0.22613062130445166	0.9893135538836141	-1.9919685913339125	0.3940284080437732	0.39828465555433795
0.22645466049720459	0.9857411442926405	-1.9892682647276383	0.3920378773916976	0.3977087490580711
0.22678011300715245	0.9821635484781868	-1.9865561604780724	0.390047346739622	0.39713075011181265
0.22710699225855907	0.9785807323862897	-1.9838321667163508	0.3880568160875464	0.39655064037615134
0.2274353118728648	0.974992661563422	-1.9810961699304697	0.3860662854354708	0.39596840125586696
0.22776508567261705	0.9713993011497176	-1.978348054932534	0.3840757547833952	0.3953840138950226
0.2280963276854993	0.9678006158720474	-1.975587704825182	0.38208522413131957	0.3947974591719364
0.22842905214846237	0.9641965700369394	-1.9728150009671566	0.38009469347924396	0.3942087176940301
0.22876327351196113	0.9605871275233406	-1.9700298229380004	0.37810416282716836	0.39361776979254914
0.22909900644429987	0.9569722517752158	-1.9672320485018442	0.37611363217509275	0.3930245955171524
0.2294362658360895	0.9533519057939763	-1.9644215535702638	0.3741231015230171	0.39242917463036653
0.22977506680481996	0.9497260521307387	-1.9615982121641766	0.3721325708709415	0.3918314866019006
0.23011542469955232	0.9460946528784037	-1.9587618963747404	0.3701420402188659	0.39123151060281725
0.23045735510573317	0.9424576696635536	-1.9559124763232332	0.36815150956679027	0.3906292254995559
0.23080087385013598	0.9388150636381617	-1.9530498201198765	0.36616097891471466	0.39002460984780335
0.23114599700593308	0.9351667954711074	-1.9501737938215675	0.36417044826263906	0.38941764188620653
0.2314927408979029	0.9315128253394942	-1.9472842613884855	0.36217991761056345	0.3888082995299236
0.2318411221077762	0.9278531129197611	-1.9443810846395415	0.36018938695848784	0.38819656036400696
0.23219115747972652	0.9241876173785845	-1.9414641232066219	0.35819885630641224	0.3875824016366144
0.23254286412600889	0.9205162973635628	-1.9385332344876023	0.35620832565433663	0.3869658002520408
0.23289625943275177	0.9168391109936782	-1.935588273598078	0.354217795002261	0.3863467327635671
0.23325136106590844	0.913156015849528	-1.9326290933217725	0.3522272643501854	0.38572517536611867
0.23360818697737057	0.9094669689633192	-1.9296555440595882	0.3502367336981098	0.38510110388872804
0.2339667554112526	0.9057719268086197	-1.9266674737772382	0.3482462030460342	0.3844744937867952
0.23432708491034976	0.9020708452898577	-1.9236647279514285	0.3462556723939586	0.3838453201341388
0.2346891943227778	0.8983636797315621	-1.920647149514528	0.344265141741883	0.3832135576148315
0.23505310280879882	0.8946503848673366	-1.9176145787976862	0.3422746110898074	0.38257918051481266
0.23541882984784118	0.8909309148285586	-1.9145668534723332	0.3402840804377318	0.38194216271327
0.2357863952457187	0.887205223132794	-1.9115038084900202	0.3382935497856562	0.38130247767378334
0.2361558191420573	0.8834732626719204	-1.908425276020532	0.33630301913358057	0.3806600984352227
0.23652712201793508	0.8797349856999477	-1.9053310853882177	0.33431248848150497	0.3800149976023908
0.23690032470374428	0.875990343820529	-1.9022210630064738	0.33232195782942936	0.3793671473364035
0.2372754483872831	0.8722392879741498	-1.8990950323103173	0.33033142717735375	0.3787165193447966
0.23765251462208342	0.8684817684249857	-1.8959528136869814	0.3283408965252781	0.378063084871353
0.23803154533598608	0.8647177347474193	-1.8927942244044593	0.32635036587320254	0.37740681468563636
0.23841256283996987	0.8609471358122034	-1.8896190785379272	0.3243598352211269	0.3767476790722245
0.23879558983724497	0.8571699197722613	-1.886427186893968	0.32236930456905133	0.37608564781963016
0.23918064943261902	0.8533860340481085	-1.8832183569325178	0.32037877391697567	0.37542069020889873
0.2395677651421475	0.8495954253128896	-1.879992392686447	0.3183882432649001	0.3747527750018709
0.23995696090307755	0.845798039477009	-1.8767490946786969	0.31639771261282446	0.374081870429099
0.2403482610840963	0.841993821672353	-1.873488259836874	0.31440718196074885	0.37340794417740375
0.24074169049589572	0.8381827162360769	-1.8702096814052123	0.31241665130867324	0.3727309633770593
0.24113727440206467	0.8343646666939535	-1.8669131488538038	0.31042612065659764	0.3720508945885918
0.24153503853032177	0.8305396157432621	-1.863598447784995	0.30843559000452203	0.37136770378917866
0.2419350090841007	0.8267075052352035	-1.8602653598368368	0.3064450593524464	0.37068135635863236
0.24233721275450293	0.8228682761568258	-1.8569136625834854	0.3044545287003708	0.3699918170649546
0.24274167673262992	0.8190218686124416	-1.8535431294324272	0.3024639980482952	0.36929905004944397
0.2431484287223118	0.8151682218045235	-1.8501535295184115	0.3004734673962196	0.3686030188113403
0.24355749695324613	0.8113072740140532	-1.8467446275939585	0.298482936744144	0.36790368619198865
0.24396891019456357	0.8074389625803114	-1.843316183916313	0.2964924060920684	0.36720101435850383
0.2443826977688373	0.8035632238800834	-1.8398679541306988	0.2945018754399928	0.3664949647869172
0.2447988895665537	0.7996799933062634	-1.8363996891497287	0.2925113447879172	0.3657854982447841
0.2452175160610628	0.795789205245833	-1.8329111350288199	0.2905208141358416	0.3650725747732337
0.24563860832402723	0.7918907930571931	-1.8294020328374496	0.28853028348376597	0.36435615366843555
0.2460621980413914	0.7879846890468247	-1.8258721185260811	0.28653975283169036	0.36363619346246356
0.24648831752989026	0.7840708244452542	-1.822321122788591	0.28454922217961476	0.36291265190353056
0.2469169997541208	0.7801491293822967	-1.818748770920003	0.28255869152753915	0.36218548593557015
0.24734827834420003	0.7762195328615527	-1.8151547826693428	0.28056816087546355	0.3614546516771383
0.24778218761403253	0.7722819627341262	-1.811538872087405	0.2785776302233879	0.3607201043996076
0.2482187625802148	0.76833634567154	-1.8079007473692197	0.27658709957131233	0.3599817985046252
0.24865803898160155	0.7643826071378117	-1.8042401106909969	0.27459656891923667	0.35923968750080315
0.24910005329956392	0.7604206713606636	-1.8005566580413102	0.2726060382671611	0.35849372397961216
0.2495448427789682	0.7564504613018295	-1.7968500790462747	0.27061550761508546	0.3577438595904403
0.2499924454499058	0.7524718986264249	-1.7931200567884615	0.2686249769630099	0.3569900450147873
0.2504429001502092	0.7484849036713429	-1.7893662676192668	0.26663444631093425	0.35623222993955334
0.2508962465487853	0.7444893954126387	-1.785588380964466	0.2646439156588587	0.3554703630293859
0.25135252516980555	0.7404852914318599	-1.7817860591226298	0.26265338500678304	0.35470439189804304
0.2518117774177886	0.7364725078812853	-1.7779589570561043	0.2606628543547075	0.3539342630787308
0.2522740456036163	0.7324509594480193	-1.7741067221742066	0.2586723237026318	0.35315992199337043
0.25273937297152604	0.7284205593169075	-1.770228994108293	0.2566817930505562	0.35238131292074626
0.25320780372712204	0.7243812191322128	-1.7663254044783263	0.2546912623984806	0.3515983789634872
0.25367938306645516	0.7203328489580088	-1.7623955766505501	0.252700731746405	0.35081106201382745
0.2541541572062178	0.7162753572372345	-1.7584391254858613	0.2507102010943294	0.35001930271809245
0.2546321734151078	0.7122086507493544	-1.7544556570784449	0.2487196704422538	0.3492230404398514
0.25511348004641543	0.7081326345665631	-1.7504447684842144	0.2467291397901782	0.348422213221676
0.2555981265718925	0.7040472120084758	-1.7464060474385719	0.24473860913810258	0.34761675774543976
0.25608616361696346	0.6999522845952356	-1.7423390720629808	0.24274807848602697	0.3468066092910918
0.256577642997344	0.6958477519989728	-1.7382434105598101	0.24075754783395137	0.34599170169383087
0.2570726177571358	0.6917335119935405	-1.7341186208948778	0.23876701718187576	0.3451719672996057
0.25757114220846944	0.6876094604024532	-1.729964250467098	0.23677648652980016	0.3443473369188616
0.2580732719727714	0.6834754910449463	-1.7257798357645815	0.23478595587772455	0.3435177397784476
0.2585790640237373	0.6793314956800741	-1.721564902006532	0.23279542522564892	0.34268310347159603
0.25908857673209623	0.6751773639487565	-1.717318962770208	0.2308048945735733	0.3418433539058791
0.259601869912257	0.67101298331368	-1.7130415196022017	0.2288143639214977	0.34099841524904345
0.2601190048709334	0.6668382389969568	-1.708732061613231	0.2268238332694221	0.34014820987261535
0.26064004445784994	0.6626530139154344	-1.7043900650555937	0.2248333026173465	0.3392926582931666
0.2611650531186355	0.6584571886135486	-1.7000149928823804	0.22284277196527089	0.33843167911112026
0.26169409695002227	0.6542506411936022	-1.6956062942874905	0.22085224131319528	0.337565188946971
0.2622272437574694	0.6500332472433468	-1.6911634042254313	0.21886171066111967	0.33669310237478745
0.2627645631153426	0.6458048797607379	-1.6866857429098214	0.21687118000904407	0.33581533185285306
0.2633061264297879	0.641565409075727	-1.6821727152894441	0.21488064935696846	0.33493178765129633
0.2638520070044448	0.6373147027689431	-1.6776237105006366	0.21289011870489286	0.3340423777765498
0.26440228010915645	0.6330526255871123	-1.6730381012947058	0.21089958805281725	0.33314700789246793
0.2649570230518429	0.6287790393550503	-1.6684152434389854	0.20890905740074162	0.3322455812379231
0.2655163152537138	0.6244938028840573	-1.6637544750900615	0.206918526748666	0.33133799854068724
0.2660802383280105	0.6201967718765288	-1.659055116137589	0.2049279960965904	0.3304241579273945
0.2666488761624788	0.6158877988265916	-1.6543164675170194	0.2029374654445148	0.32950395482936584
0.2672223150057881	0.6115667329165556	-1.6495378104894425	0.2009469347924392	0.32857728188406404
0.26780064355812516	0.6072334199089633	-1.644718405886633	0.19895640414036359	0.3276440288319296
0.2683839530662112	0.6028877020340039	-1.63985749331925	0.19696587348828798	0.32670408240833343
0.268972337423002	0.5985294178720433	-1.6349542903459933	0.19497534283621237	0.32575732623036285
0.2695658932723548	0.594158402231007	-1.6300079916013859	0.19298481218413677	0.3248036406781383
0.27016472011896253	0.5897744860183338	-1.625017767879655	0.19099428153206116	0.32384290277033767
0.2707689204438774	0.5853774961072019	-1.6199827651720313	0.18900375087998555	0.3228749860335812
0.271378599825972	0.5809672551967062	-1.614902103654576	0.18701322022790995	0.3218997603653071
0.27199386706970885	0.5765435816656489	-1.609774876623436	0.18502268957583434	0.3209170918897391
0.2726148343396172	0.5721062894195763	-1.6046001493741997	0.1830321589237587	0.31992684280652084
0.2732416173019078	0.5676551877306758	-1.5993769580217778	0.1810416282716831	0.3189288712315589
0.2738743352736863	0.5631900810701145	-1.594104308256957	0.1790510976196075	0.31792303102958325
0.2745131113802629	0.5587107689323779	-1.5887811740354851	0.1770605669675319	0.31690917163789617
0.27515807272109427	0.5542170456511303	-1.583406496195224	0.17507003631545628	0.31588713788074235
0.2758093505449347	0.5497087002060855	-1.5779791809965542	0.17307950566338068	0.3148567697736879
0.27646708043482093	0.5451855160203445	-1.5724980985808357	0.17108897501130507	0.31381790231734735
0.2771314025035635	0.5406472707476075	-1.5669620813413137	0.16909844435922947	0.31277036527975066
0.27780246160047306	0.536093736048634	-1.5613699222004007	0.16710791370715386	0.3117139829665795
0.27848040753010905	0.5315246773562684	-1.5557203727867677	0.16511738305507825	0.31064857397844575
0.27916539528390494	0.5269398536283058	-1.550012141505135	0.16312685240300265	0.3095739509543142
0.279857585285595	0.5223390170874073	-1.544243891491051	0.16113632175092704	0.30848992030010036
0.28055714365144596	0.5177219129472219	-1.5384142384422934	0.15914579109885144	0.3073962819013906
0.28126424246638493	0.5130882791237982	-1.5325217483178015	0.1571552604467758	0.30629282881914616
0.2819790600772092	0.5084378459313016	-1.5265649348942665	0.1551647297947002	0.30517934696715227
0.2827017814041681	0.503770335760968	-1.520542257169609	0.1531741991426246	0.3040556147698693
0.28343259827232437	0.4990854627421433	-1.51445211660164	0.15118366849054898	0.30292140279922214
0.28417170976422795	0.4943829323841571	-1.50829285416911	0.14919313783847338	0.3017764733887371
0.28491932259557873	0.4896624411976766	-1.5020627472411872	0.14720260718639777	0.3006205802232892
0.2856756515157084	0.4849236762940723	-1.4957600062401062	0.14521207653432217	0.2994534679025678
0.2864409197348877	0.4801663149611973	-1.489382771080279	0.14322154588224656	0.2982748714761893
0.2872153593806547	0.4753900242138447	-1.4829291073655537	0.14123101523017095	0.2970845159481954
0.2879992119855758	0.4705944603169921	-1.4763970023245445	0.13924048457809535	0.2958821157484579
0.2887927290090872	0.465779268279773	-1.4697843604619496	0.13724995392601974	0.2946673741682718
0.28959617239633023	0.46094408131792514	-1.463088998901591	0.13525942327394413	0.293439982757154
0.2904098151771912	0.45608852028225827	-1.4563086423944163	0.13326889262186853	0.29219962067756666
0.29123394210908454	0.45121219305045346	-1.4494409179619718	0.13127836196979292	0.2909459540139548
0.2920688503673909	0.4463146938792462	-1.4424833491427522	0.12928783131771732	0.28967863503211727
0.29291485028787656	0.44139560271376377	-1.435433349805372	0.1272973006656417	0.28839730138451664
0.2937722661658885	0.43645448445046453	-1.4282882174886058	0.1253067700135661	0.2871015752566699
0.29464143711764346	0.43149088814977665	-1.4210451262239807	0.1233162393614905	0.2857910624492392
0.29552271800952473	0.42650434619412975	-1.4137011187916368	0.12132570870941489	0.2844653513898583
0.2964164804619682	0.42149437338663603	-1.4062530983546075	0.11933517805733923	0.28312401206806453
0.2973231139352799	0.4164604659851713	-1.3986978194103443	0.11734464740526362	0.2817665948859642
0.29824302690558485	0.4114021006660483	-1.3910318779911357	0.11535411675318802	0.2803926294164103
0.29917664814008854	0.40631873341084596	-1.3832517010369383	0.11336358610111241	0.27900162305951504
0.30012442808194184	0.40120979830923864	-1.375353534854828	0.1113730554490368	0.27759305958722946
0.3010868403562752	0.3960747062698706	-1.3673334325687163	0.1093825247969612	0.2761663975644837
0.3020643834104223	0.39091284363040346	-1.3591872404508236	0.1073919941448856	0.2747210686339627
0.3030575823030184	0.38572357065682983	-1.350910583012523	0.10540146349280999	0.27325647564997646
0.3040669906585818	0.3805062199209659	-1.3424988467161612	0.10341093284073438	0.2717719906450245
0.3050931928063936	0.3752600945436909	-1.3339471621510635	0.10142040218865878	0.2702669526105195
0.3061368061250465	0.3699844662899615	-1.325250384495622	0.09942987153658317	0.26874066507067546
0.3071984836169947	0.3646785734998662	-1.3164030720627204	0.09743934088450756	0.26719239342572265
0.3082789167408744	0.35934161883795807	-1.3073994626970569	0.09544881023243196	0.26562136203731457
0.3093788385333729	0.3539727668407659	-1.2982334477595692	0.09345827958035635	0.26402675102516693
0.31049902705711324	0.34857114123968597	-1.288898543395066	0.09146774892828075	0.2624076927395011
0.311640309216509	0.34313582203332527	-1.2793878587334344	0.08947721827620514	0.26076326786864923
0.3128035649900154	0.3376658422797284	-1.2696940606208815	0.08748668762412953	0.2590925011350541
0.31398973213483033	0.33216018457467594	-1.2598093344140904	0.08549615697205393	0.25739435652569237
0.31519981142914355	0.3266177771772749	-1.2497253402948136	0.08350562631997832	0.25566773199443715
0.3164348725277861	0.3210374897382273	-1.2394331644727918	0.08151509566790271	0.2539114535637872
0.3176960605199741	0.3154181285792886	-1.2289232645378918	0.07952456501582711	0.2521242687413781
0.31898460329323414	0.309758431464291	-1.2181854080940586	0.0775340343637515	0.25030483915234325
0.3203018198261358	0.30405706179244607	-1.2072086036532113	0.0755435037116759	0.24845173227136896
0.3216491295548768	0.29831260213311006	-1.19598102258037	0.07355297305960029	0.24656341211753507
0.32302806298601006	0.2925235470073893	-1.1844899106542592	0.07156244240752468	0.24463822874989608
0.3244402737608818	0.28668829480533853	-1.1727214875303278	0.06957191175544908	0.242674406371172
0.325887552418201	0.2808051387073991	-1.1606608320526677	0.06758138110337342	0.2406700298095103
0.3273718421515988	0.2748722564542865	-1.1482917509410195	0.06559085045129781	0.23862302910226996
0.32889525692166566	0.26888769877965574	-1.1355966278571294	0.0636003197992222	0.23653116184887465
0.33046010236020734	0.26284937628315685	-1.1225562492026153	0.0616097891471466	0.23439199292897275
0.33206890000287126	0.2567550444760665	-1.109149602180416	0.05961925849507099	0.23220287109345739
0.3337244155109233	0.2506022866751531	-1.0953536396133157	0.057628727842995386	0.2299609018240822
0.33542969170194126	0.24438849434958201	-1.0811430046881658	0.05563819719091978	0.2276629157153893
0.33718808741361195	0.23811084443623218	-1.0664897070909098	0.053647666538844174	0.22530543145090315
0.33900332348985984	0.2317662730250181	-1.051362739788844	0.05165713588676857	0.22288461221099423
0.3408795375252609	0.22535144466986312	-1.0357276228271688	0.04966660523469296	0.2203962140444845
0.34282134946164666	0.21886271639209087	-1.0195458566906206	0.047676074582617356	0.2178355243348348
0.3448339407419242	0.21229609519621387	-1.002774262688308	0.04568554393054175	0.21519728795914525
0.3469231505507503	0.20564718759232642	-0.9853641809480906	0.043695013278466144	0.21247561802346085
0.34909559379781674	0.19891113918446837	-0.9672604872225372	0.04170448262639054	0.20966388708736006
0.3513588070574821	0.19208256179687666	-0.9484003767253253	0.03971395197431493	0.20675459345607652
0.3537214308646619	0.18515544480596816	-0.928711844998827	0.037723421322239326	0.20373919525710527
0.3561934398823092	0.17812304622947028	-0.9081117698517658	0.03573289067016372	0.20060790238299747
0.358786436971362	0.17097775754950986	-0.8865034607763265	0.03374236001808811	0.19734941258846123
0.3615140338623021	0.163710933986957	-0.8637734866851592	0.03175182936601251	0.19395057246782432
0.36439235118059454	0.15631267863938214	-0.8397875090327216	0.0297612987139369	0.19039593571675062
0.36744068608778935	0.1487715639568484	-0.8143847181394315	0.027770768061861295	0.18666717834542818
0.37068242035397	0.14107426647305832	-0.7873702659212598	0.02578023740978569	0.18274231051705717
0.37414628170154324	0.133205078829519	-0.7585047546914827	0.023789706757710083	0.17859459238905648
0.3778681387093377	0.12514524387184928	-0.7274892796265287	0.021799176105634477	0.17419100743418728
0.3818936276662266	0.11687202325542101	-0.6939435383191217	0.01980864545355887	0.16949005332326242
0.38628212597349604	0.10835735640793952	-0.6573727190918761	0.01781811480148321	0.16443844139573016
0.391113003886789	0.09956586177097272	-0.6171154031477681	0.015827584149407603	0.15896597355642988
0.39649594382183573	0.09045172999045531	-0.5722575703557122	0.013837053497331997	0.15297721225223793
0.40258902039664674	0.08095363618426776	-0.5214819322322868	0.011846522845256391	0.1463371307780564
0.40963289474521203	0.07098583337934439	-0.46278297932757595	0.009855992193180785	0.13884449507707974
0.41802243321565324	0.060421114104397815	-0.39287015874056586	0.007865461541105179	0.13017736693029106
0.42848000129859176	0.04905388489431311	-0.30572375804941165	0.005874930889029573	0.11976484434794811
0.4425801411401712	0.03650324007627798	-0.1882225927029164	0.0038844002369539665	0.10641247814815992
0.4653410784145624	0.02185208659859385	5.038479051755473e-7	0.0018938695848783721	0.08666767708124677
0.465515244102855	0.02185208659859385	5.038479051755473e-7	0.0018938695848783721	0.08666767708124677
0.4656894097911476	0.02185208659859385	5.038479051755473e-7	0.0018938695848783721	0.08666767708124677
0.4658635754794402	0.02185208659859385	5.038479051755473e-7	0.0018938695848783721	0.08666767708124677
0.4660377411677328	0.02185208659859385	5.038479051755473e-7	0.0018938695848783721	0.08666767708124677
0.4662119068560254	0.02185208659859385	5.038479051755473e-7	0.0018938695848783721	0.08666767708124677
0.466386072544318	0.02185208659859385	5.038479051755473e-7	0.0018938695848783721	0.08666767708124677
0.4665602382326106	0.02185208659859385	5.038479051755473e-7	0.0018938695848783721	0.08666767708124677
0.4667344039209032	0.02185208659859385	5.038479051755473e-7	0.0018938695848783721	0.08666767708124677
0.4669085696091958	0.02185208659859385	5.038479051755473e-7	0.0018938695848783721	0.08666767708124677
0.46708273529748845	0.02185208659859385	5.038479051755473e-7	0.0018938695848783721	0.08666767708124677
0.46725690098578104	0.02185208659859385	5.038479051755473e-7	0.0018938695848783721	0.08666767708124677
0.46743106667407364	0.02185208659859385	5.038479051755473e-7	0.0018938695848783721	0.08666767708124677
0.46760523236236623	0.02185208659859385	5.038479051755473e-7	0.0018938695848783721	0.08666767708124677
0.4677793980506588	0.02185208659859385	5.038479051755473e-7	0.0018938695848783721	0.08666767708124677
0.4679535637389515	0.02185208659859385	5.038479051755473e-7	0.0018938695848783721	0.08666767708124677
0.46812772942724407	0.02185208659859385	5.038479051755473e-7	0.0018938695848783721	0.08666767708124677
0.46830189511553666	0.02185208659859385	5.038479051755473e-7	0.0018938695848783721	0.08666767708124677
0.46847606080382925	0.02185208659859385	5.038479051755473e-7	0.0018938695848783721	0.08666767708124677
0.46865022649212185	0.02185208659859385	5.038479051755473e-7	0.0018938695848783721	0.08666767708124677
0.46882439218041444	0.02185208659859385	5.038479051755473e-7	0.0018938695848783721	0.08666767708124677
0.4689985578687071	0.02185208659859385	5.038479051755473e-7	0.0018938695848783721	0.08666767708124677
0.4691727235569997	0.02185208659859385	5.038479051755473e-7	0.0018938695848783721	0.08666767708124677
0.4693468892452923	0.02185208659859385	5.038479051755473e-7	0.0018938695848783721	0.08666767708124677
0.46952105493358487	0.02185208659859385	5.038479051755473e-7	0.0018938695848783721	0.08666767708124677
0.46969522062187746	0.02185208659859385	5.038479051755473e-7	0.0018938695848783721	0.08666767708124677
0.46986938631017006	0.02185208659859385	5.038479051755473e-7	0.0018938695848783721	0.08666767708124677
0.4700435519984627	0.02185208659859385	5.038479051755473e-7	0.0018938695848783721	0.08666767708124677
0.4702177176867553	0.02185208659859385	5.038479051755473e-7	0.0018938695848783721	0.08666767708124677
0.4703918833750479	0.02185208659859385	5.038479051755473e-7	0.0018938695848783721	0.08666767708124677
0.4705660490633405	0.02185208659859385	5.038479051755473e-7	0.0018938695848783721	0.08666767708124677
0.4707402147516331	0.02185208659859385	5.038479051755473e-7	0.0018938695848783721	0.08666767708124677
0.47091438043992573	0.02185208659859385	5.038479051755473e-7	0.0018938695848783721	0.08666767708124677
0.4710885461282183	0.02185208659859385	5.038479051755473e-7	0.0018938695848783721	0.08666767708124677
0.4712627118165109	0.02185208659859385	5.038479051755473e-7	0.0018938695848783721	0.08666767708124677
0.4714368775048035	0.02185208659859385	5.038479051755473e-7	0.0018938695848783721	0.08666767708124677
0.4716110431930961	0.02185208659859385	5.038479051755473e-7	0.0018938695848783721	0.08666767708124677
0.47178520888138875	0.02185208659859385	5.038479051755473e-7	0.0018938695848783721	0.08666767708124677
0.47195937456968134	0.02185208659859385	5.038479051755473e-7	0.0018938695848783721	0.08666767708124677
0.47213354025797394	0.02185208659859385	5.038479051755473e-7	0.0018938695848783721	0.08666767708124677
0.47230770594626653	0.02185208659859385	5.038479051755473e-7	0.0018938695848783721	0.08666767708124677
0.4724818716345591	0.02185208659859385	5.038479051755473e-7	0.0018938695848783721	0.08666767708124677
0.4726560373228517	0.02185208659859385	5.038479051755473e-7	0.0018938695848783721	0.08666767708124677
0.47283020301114437	0.02185208659859385	5.038479051755473e-7	0.0018938695848783721	0.08666767708124677
0.47300436869943696	0.02185208659859385	5.038479051755473e-7	0.0018938695848783721	0.08666767708124677
0.47317853438772955	0.02185208659859385	5.038479051755473e-7	0.0018938695848783721	0.08666767708124677
0.47335270007602215	0.02185208659859385	5.038479051755473e-7	0.0018938695848783721	0.08666767708124677
0.47352686576431474	0.02185208659859385	5.038479051755473e-7	0.0018938695848783721	0.08666767708124677
0.4737010314526074	0.02185208659859385	5.038479051755473e-7	0.0018938695848783721	0.08666767708124677
0.4738751971409	0.02185208659859385	5.038479051755473e-7	0.0018938695848783721	0.08666767708124677
0.4740493628291926	0.02185208659859385	5.038479051755473e-7	0.0018938695848783721	0.08666767708124677
0.47422352851748517	0.02185208659859385	5.038479051755473e-7	0.0018938695848783721	0.08666767708124677
0.47439769420577776	0.02185208659859385	5.038479051755473e-7	0.0018938695848783721	0.08666767708124677
0.47457185989407036	0.02185208659859385	5.038479051755473e-7	0.0018938695848783721	0.08666767708124677
0.474746025582363	0.02185208659859385	5.038479051755473e-7	0.0018938695848783721	0.08666767708124677
0.4749201912706556	0.02185208659859385	5.038479051755473e-7	0.0018938695848783721	0.08666767708124677
0.4750943569589482	0.02185208659859385	5.038479051755473e-7	0.0018938695848783721	0.08666767708124677
0.4752685226472408	0.02185208659859385	5.038479051755473e-7	0.0018938695848783721	0.08666767708124677
0.4754426883355334	0.02185208659859385	5.038479051755473e-7	0.0018938695848783721	0.08666767708124677
0.47561685402382603	0.02185208659859385	5.038479051755473e-7	0.0018938695848783721	0.08666767708124677
0.4757910197121186	0.02185208659859385	5.038479051755473e-7	0.0018938695848783721	0.08666767708124677
0.4759651854004112	0.02185208659859385	5.038479051755473e-7	0.0018938695848783721	0.08666767708124677
0.4761393510887038	0.02185208659859385	5.038479051755473e-7	0.0018938695848783721	0.08666767708124677
0.4763135167769964	0.02185208659859385	5.038479051755473e-7	0.0018938695848783721	0.08666767708124677
0.47648768246528905	0.02185208659859385	5.038479051755473e-7	0.0018938695848783721	0.08666767708124677
0.47666184815358165	0.02185208659859385	5.038479051755473e-7	0.0018938695848783721	0.08666767708124677
0.47683601384187424	0.02185208659859385	5.038479051755473e-7	0.0018938695848783721	0.08666767708124677
0.47701017953016683	0.02185208659859385	5.038479051755473e-7	0.0018938695848783721	0.08666767708124677
0.4771843452184594	0.02185208659859385	5.038479051755473e-7	0.0018938695848783721	0.08666767708124677
0.477358510906752	0.02185208659859385	5.038479051755473e-7	0.0018938695848783721	0.08666767708124677
0.47753267659504467	0.02185208659859385	5.038479051755473e-7	0.0018938695848783721	0.08666767708124677
0.47770684228333726	0.02185208659859385	5.038479051755473e-7	0.0018938695848783721	0.08666767708124677
0.47788100797162986	0.02185208659859385	5.038479051755473e-7	0.0018938695848783721	0.08666767708124677
0.47805517365992245	0.02185208659859385	5.038479051755473e-7	0.0018938695848783721	0.08666767708124677
0.47822933934821504	0.02185208659859385	5.038479051755473e-7	0.0018938695848783721	0.08666767708124677
0.47840350503650764	0.02185208659859385	5.038479051755473e-7	0.0018938695848783721	0.08666767708124677
0.4785776707248003	0.02185208659859385	5.038479051755473e-7	0.0018938695848783721	0.08666767708124677
0.4787518364130929	0.02185208659859385	5.038479051755473e-7	0.0018938695848783721	0.08666767708124677
0.4789260021013855	0.02185208659859385	5.038479051755473e-7	0.0018938695848783721	0.08666767708124677
0.47910016778967807	0.02185208659859385	5.038479051755473e-7	0.0018938695848783721	0.08666767708124677
0.47927433347797066	0.02185208659859385	5.038479051755473e-7	0.0018938695848783721	0.08666767708124677
0.4794484991662633	0.02185208659859385	5.038479051755473e-7	0.0018938695848783721	0.08666767708124677
0.4796226648545559	0.02185208659859385	5.038479051755473e-7	0.0018938695848783721	0.08666767708124677
0.4797968305428485	0.02185208659859385	5.038479051755473e-7	0.0018938695848783721	0.08666767708124677
0.4799709962311411	0.02185208659859385	5.038479051755473e-7	0.0018938695848783721	0.08666767708124677
0.4801451619194337	0.02185208659859385	5.038479051755473e-7	0.0018938695848783721	0.08666767708124677
0.48031932760772633	0.02185208659859385	5.038479051755473e-7	0.0018938695848783721	0.08666767708124677
0.4804934932960189	0.02185208659859385	5.038479051755473e-7	0.0018938695848783721	0.08666767708124677
0.4806676589843115	0.02185208659859385	5.038479051755473e-7	0.0018938695848783721	0.08666767708124677
0.4808418246726041	0.02185208659859385	5.038479051755473e-7	0.0018938695848783721	0.08666767708124677
0.4810159903608967	0.02185208659859385	5.038479051755473e-7	0.0018938695848783721	0.08666767708124677
0.4811901560491893	0.02185208659859385	5.038479051755473e-7	0.0018938695848783721	0.08666767708124677
0.48136432173748195	0.02185208659859385	5.038479051755473e-7	0.0018938695848783721	0.08666767708124677
0.48153848742577454	0.02185208659859385	5.038479051755473e-7	0.0018938695848783721	0.08666767708124677
0.48171265311406714	0.02185208659859385	5.038479051755473e-7	0.0018938695848783721	0.08666767708124677
0.48188681880235973	0.02185208659859385	5.038479051755473e-7	0.0018938695848783721	0.08666767708124677
0.4820609844906523	0.02185208659859385	5.038479051755473e-7	0.0018938695848783721	0.08666767708124677
0.4822351501789449	0.02185208659859385	5.038479051755473e-7	0.0018938695848783721	0.08666767708124677
0.48240931586723756	0.02185208659859385	5.038479051755473e-7	0.0018938695848783721	0.08666767708124677
0.48258348155553016	0.02185208659859385	5.038479051755473e-7	0.0018938695848783721	0.08666767708124677
0.48275764724382275	0.02185208659859385	5.038479051755473e-7	0.0018938695848783721	0.08666767708124677
0.48293181293211535	0.02185208659859385	5.038479051755473e-7	0.0018938695848783721	0.08666767708124677
0.48310597862040794	0.02185208659859385	5.038479051755473e-7	0.0018938695848783721	0.08666767708124677
0.4832801443087006	0.02185208659859385	5.038479051755473e-7	0.0018938695848783721	0.08666767708124677
0.4834543099969932	0.02185208659859385	5.038479051755473e-7	0.0018938695848783721	0.08666767708124677
0.4836284756852858	0.02185208659859385	5.038479051755473e-7	0.0018938695848783721	0.08666767708124677
0.48380264137357837	0.02185208659859385	5.038479051755473e-7	0.0018938695848783721	0.08666767708124677
0.48397680706187096	0.02185208659859385	5.038479051755473e-7	0.0018938695848783721	0.08666767708124677
0.4841509727501636	0.02185208659859385	5.038479051755473e-7	0.0018938695848783721	0.08666767708124677
0.4843251384384562	0.02185208659859385	5.038479051755473e-7	0.0018938695848783721	0.08666767708124677
0.4844993041267488	0.02185208659859385	5.038479051755473e-7	0.0018938695848783721	0.08666767708124677
0.4846734698150414	0.02185208659859385	5.038479051755473e-7	0.0018938695848783721	0.08666767708124677
0.484847635503334	0.02185208659859385	5.038479051755473e-7	0.0018938695848783721	0.08666767708124677
0.4850218011916266	0.02185208659859385	5.038479051755473e-7	0.0018938695848783721	0.08666767708124677
0.4851959668799192	0.02185208659859385	5.038479051755473e-7	0.0018938695848783721	0.08666767708124677
0.4853701325682118	0.02185208659859385	5.038479051755473e-7	0.0018938695848783721	0.08666767708124677
0.4855442982565044	0.02185208659859385	5.038479051755473e-7	0.0018938695848783721	0.08666767708124677
0.485718463944797	0.02185208659859385	5.038479051755473e-7	0.0018938695848783721	0.08666767708124677
0.4858926296330896	0.02185208659859385	5.038479051755473e-7	0.0018938695848783721	0.08666767708124677
0.48606679532138225	0.02185208659859385	5.038479051755473e-7	0.0018938695848783721	0.08666767708124677
0.48624096100967484	0.02185208659859385	5.038479051755473e-7	0.0018938695848783721	0.08666767708124677
0.48641512669796744	0.02185208659859385	5.038479051755473e-7	0.0018938695848783721	0.08666767708124677
0.48658929238626003	0.02185208659859385	5.038479051755473e-7	0.0018938695848783721	0.08666767708124677
0.4867634580745526	0.02185208659859385	5.038479051755473e-7	0.0018938695848783721	0.08666767708124677
0.4869376237628452	0.02185208659859385	5.038479051755473e-7	0.0018938695848783721	0.08666767708124677
0.48711178945113787	0.02185208659859385	5.038479051755473e-7	0.0018938695848783721	0.08666767708124677
0.48728595513943046	0.02185208659859385	5.038479051755473e-7	0.0018938695848783721	0.08666767708124677
0.48746012082772305	0.02185208659859385	5.038479051755473e-7	0.0018938695848783721	0.08666767708124677
0.48763428651601565	0.02185208659859385	5.038479051755473e-7	0.0018938695848783721	0.08666767708124677
0.48780845220430824	0.02185208659859385	5.038479051755473e-7	0.0018938695848783721	0.08666767708124677
0.4879826178926009	0.02185208659859385	5.038479051755473e-7	0.0018938695848783721	0.08666767708124677
0.4881567835808935	0.02185208659859385	5.038479051755473e-7	0.0018938695848783721	0.08666767708124677
0.4883309492691861	0.02185208659859385	5.038479051755473e-7	0.0018938695848783721	0.08666767708124677
0.48850511495747867	0.02185208659859385	5.038479051755473e-7	0.0018938695848783721	0.08666767708124677
0.48867928064577126	0.02185208659859385	5.038479051755473e-7	0.0018938695848783721	0.08666767708124677
0.48885344633406386	0.02185208659859385	5.038479051755473e-7	0.0018938695848783721	0.08666767708124677
0.4890276120223565	0.02185208659859385	5.038479051755473e-7	0.0018938695848783721	0.08666767708124677
0.4892017777106491	0.02185208659859385	5.038479051755473e-7	0.0018938695848783721	0.08666767708124677
0.4893759433989417	0.02185208659859385	5.038479051755473e-7	0.0018938695848783721	0.08666767708124677
0.4895501090872343	0.02185208659859385	5.038479051755473e-7	0.0018938695848783721	0.08666767708124677
0.4897242747755269	0.02185208659859385	5.038479051755473e-7	0.0018938695848783721	0.08666767708124677
0.48989844046381953	0.02185208659859385	5.038479051755473e-7	0.0018938695848783721	0.08666767708124677
0.4900726061521121	0.02185208659859385	5.038479051755473e-7	0.0018938695848783721	0.08666767708124677
0.4902467718404047	0.02185208659859385	5.038479051755473e-7	0.0018938695848783721	0.08666767708124677
0.4904209375286973	0.02185208659859385	5.038479051755473e-7	0.0018938695848783721	0.08666767708124677
0.4905951032169899	0.02185208659859385	5.038479051755473e-7	0.0018938695848783721	0.08666767708124677
0.4907692689052825	0.02185208659859385	5.038479051755473e-7	0.0018938695848783721	0.08666767708124677
0.49094343459357515	0.02185208659859385	5.038479051755473e-7	0.0018938695848783721	0.08666767708124677
0.49111760028186774	0.02185208659859385	5.038479051755473e-7	0.0018938695848783721	0.08666767708124677
0.49129176597016033	0.02185208659859385	5.038479051755473e-7	0.0018938695848783721	0.08666767708124677
0.4914659316584529	0.02185208659859385	5.038479051755473e-7	0.0018938695848783721	0.08666767708124677
0.4916400973467455	0.02185208659859385	5.038479051755473e-7	0.0018938695848783721	0.08666767708124677
0.49181426303503817	0.02185208659859385	5.038479051755473e-7	0.0018938695848783721	0.08666767708124677
0.49198842872333076	0.02185208659859385	5.038479051755473e-7	0.0018938695848783721	0.08666767708124677
0.49216259441162336	0.02185208659859385	5.038479051755473e-7	0.0018938695848783721	0.08666767708124677
0.49233676009991595	0.02185208659859385	5.038479051755473e-7	0.0018938695848783721	0.08666767708124677
0.49251092578820854	0.02185208659859385	5.038479051755473e-7	0.0018938695848783721	0.08666767708124677
0.4926850914765012	0.02185208659859385	5.038479051755473e-7	0.0018938695848783721	0.08666767708124677
0.4928592571647938	0.02185208659859385	5.038479051755473e-7	0.0018938695848783721	0.08666767708124677
0.4930334228530864	0.02185208659859385	5.038479051755473e-7	0.0018938695848783721	0.08666767708124677
0.49320758854137897	0.02185208659859385	5.038479051755473e-7	0.0018938695848783721	0.08666767708124677
0.49338175422967157	0.02185208659859385	5.038479051755473e-7	0.0018938695848783721	0.08666767708124677
0.49355591991796416	0.02185208659859385	5.038479051755473e-7	0.0018938695848783721	0.08666767708124677
0.4937300856062568	0.02185208659859385	5.038479051755473e-7	0.0018938695848783721	0.08666767708124677
0.4939042512945494	0.02185208659859385	5.038479051755473e-7	0.0018938695848783721	0.08666767708124677
0.494078416982842	0.02185208659859385	5.038479051755473e-7	0.0018938695848783721	0.08666767708124677
0.4942525826711346	0.02185208659859385	5.038479051755473e-7	0.0018938695848783721	0.08666767708124677
0.4944267483594272	0.02185208659859385	5.038479051755473e-7	0.0018938695848783721	0.08666767708124677
0.4946009140477198	0.02185208659859385	5.038479051755473e-7	0.0018938695848783721	0.08666767708124677
0.4947750797360124	0.02185208659859385	5.038479051755473e-7	0.0018938695848783721	0.08666767708124677
0.494949245424305	0.02185208659859385	5.038479051755473e-7	0.0018938695848783721	0.08666767708124677
0.4951234111125976	0.02185208659859385	5.038479051755473e-7	0.0018938695848783721	0.08666767708124677
0.4952975768008902	0.02185208659859385	5.038479051755473e-7	0.0018938695848783721	0.08666767708124677
0.4954717424891828	0.02185208659859385	5.038479051755473e-7	0.0018938695848783721	0.08666767708124677
0.49564590817747545	0.02185208659859385	5.038479051755473e-7	0.0018938695848783721	0.08666767708124677
0.49582007386576804	0.02185208659859385	5.038479051755473e-7	0.0018938695848783721	0.08666767708124677
0.49599423955406063	0.02185208659859385	5.038479051755473e-7	0.0018938695848783721	0.08666767708124677
0.4961684052423532	0.02185208659859385	5.038479051755473e-7	0.0018938695848783721	0.08666767708124677
0.4963425709306458	0.02185208659859385	5.038479051755473e-7	0.0018938695848783721	0.08666767708124677
0.49651673661893847	0.02185208659859385	5.038479051755473e-7	0.0018938695848783721	0.08666767708124677
0.49669090230723106	0.02185208659859385	5.038479051755473e-7	0.0018938695848783721	0.08666767708124677
0.49686506799552366	0.02185208659859385	5.038479051755473e-7	0.0018938695848783721	0.08666767708124677
0.49703923368381625	0.02185208659859385	5.038479051755473e-7	0.0018938695848783721	0.08666767708124677
0.49721339937210884	0.02185208659859385	5.038479051755473e-7	0.0018938695848783721	0.08666767708124677
0.49738756506040144	0.02185208659859385	5.038479051755473e-7	0.0018938695848783721	0.08666767708124677
0.4975617307486941	0.02185208659859385	5.038479051755473e-7	0.0018938695848783721	0.08666767708124677
0.4977358964369867	0.02185208659859385	5.038479051755473e-7	0.0018938695848783721	0.08666767708124677
0.4979100621252793	0.02185208659859385	5.038479051755473e-7	0.0018938695848783721	0.08666767708124677
0.49808422781357187	0.02185208659859385	5.038479051755473e-7	0.0018938695848783721	0.08666767708124677
0.49825839350186446	0.02185208659859385	5.038479051755473e-7	0.0018938695848783721	0.08666767708124677
0.49843255919015705	0.02185208659859385	5.038479051755473e-7	0.0018938695848783721	0.08666767708124677
0.4986067248784497	0.02185208659859385	5.038479051755473e-7	0.0018938695848783721	0.08666767708124677
0.4987808905667423	0.02185208659859385	5.038479051755473e-7	0.0018938695848783721	0.08666767708124677
0.4989550562550349	0.02185208659859385	5.038479051755473e-7	0.0018938695848783721	0.08666767708124677
0.4991292219433275	0.02185208659859385	5.038479051755473e-7	0.0018938695848783721	0.08666767708124677
0.4993033876316201	0.02185208659859385	5.038479051755473e-7	0.0018938695848783721	0.08666767708124677
0.4994775533199127	0.02185208659859385	5.038479051755473e-7	0.0018938695848783721	0.08666767708124677
0.4996517190082053	0.02185208659859385	5.038479051755473e-7	0.0018938695848783721	0.08666767708124677
0.4998258846964979	0.02185208659859385	5.038479051755473e-7	0.0018938695848783721	0.08666767708124677
0.5000000503847906	0.02185208659859385	5.038479051755473e-7	0.0018938695848783721	0.08666767708124677
0.5001742160730831	0.02185208659859385	5.038479051755473e-7	0.0018938695848783721	0.08666767708124677
0.5003483817613757	0.02185208659859385	5.038479051755473e-7	0.0018938695848783721	0.08666767708124677
0.5005225474496683	0.02185208659859385	5.038479051755473e-7	0.0018938695848783721	0.08666767708124677
0.5006967131379609	0.02185208659859385	5.038479051755473e-7	0.0018938695848783721	0.08666767708124677
0.5008708788262536	0.02185208659859385	5.038479051755473e-7	0.0018938695848783721	0.08666767708124677
0.5010450445145461	0.02185208659859385	5.038479051755473e-7	0.0018938695848783721	0.08666767708124677
0.5012192102028388	0.02185208659859385	5.038479051755473e-7	0.0018938695848783721	0.08666767708124677
0.5013933758911313	0.02185208659859385	5.038479051755473e-7	0.0018938695848783721	0.08666767708124677
0.501567541579424	0.02185208659859385	5.038479051755473e-7	0.0018938695848783721	0.08666767708124677
0.5017417072677166	0.02185208659859385	5.038479051755473e-7	0.0018938695848783721	0.08666767708124677
0.5019158729560091	0.02185208659859385	5.038479051755473e-7	0.0018938695848783721	0.08666767708124677
0.5020900386443018	0.02185208659859385	5.038479051755473e-7	0.0018938695848783721	0.08666767708124677
0.5022642043325943	0.02185208659859385	5.038479051755473e-7	0.0018938695848783721	0.08666767708124677
0.502438370020887	0.02185208659859385	5.038479051755473e-7	0.0018938695848783721	0.08666767708124677
0.5026125357091795	0.02185208659859385	5.038479051755473e-7	0.0018938695848783721	0.08666767708124677
0.5027867013974722	0.02185208659859385	5.038479051755473e-7	0.0018938695848783721	0.08666767708124677
0.5029608670857648	0.02185208659859385	5.038479051755473e-7	0.0018938695848783721	0.08666767708124677
0.5031350327740574	0.02185208659859385	5.038479051755473e-7	0.0018938695848783721	0.08666767708124677
0.50330919846235	0.02185208659859385	5.038479051755473e-7	0.0018938695848783721	0.08666767708124677
0.5034833641506425	0.02185208659859385	5.038479051755473e-7	0.0018938695848783721	0.08666767708124677
0.5036575298389352	0.02185208659859385	5.038479051755473e-7	0.0018938695848783721	0.08666767708124677
0.5038316955272278	0.02185208659859385	5.038479051755473e-7	0.0018938695848783721	0.08666767708124677
0.5040058612155204	0.02185208659859385	5.038479051755473e-7	0.0018938695848783721	0.08666767708124677
0.504180026903813	0.02185208659859385	5.038479051755473e-7	0.0018938695848783721	0.08666767708124677
0.5043541925921056	0.02185208659859385	5.038479051755473e-7	0.0018938695848783721	0.08666767708124677
0.5045283582803982	0.02185208659859385	5.038479051755473e-7	0.0018938695848783721	0.08666767708124677
0.5047025239686909	0.02185208659859385	5.038479051755473e-7	0.0018938695848783721	0.08666767708124677
0.5048766896569834	0.02185208659859385	5.038479051755473e-7	0.0018938695848783721	0.08666767708124677
0.505050855345276	0.02185208659859385	5.038479051755473e-7	0.0018938695848783721	0.08666767708124677
0.5052250210335686	0.02185208659859385	5.038479051755473e-7	0.0018938695848783721	0.08666767708124677
0.5053991867218612	0.02185208659859385	5.038479051755473e-7	0.0018938695848783721	0.08666767708124677
0.5055733524101539	0.02185208659859385	5.038479051755473e-7	0.0018938695848783721	0.08666767708124677
0.5057475180984464	0.02185208659859385	5.038479051755473e-7	0.0018938695848783721	0.08666767708124677
0.5059216837867391	0.02185208659859385	5.038479051755473e-7	0.0018938695848783721	0.08666767708124677
0.5060958494750316	0.02185208659859385	5.038479051755473e-7	0.0018938695848783721	0.08666767708124677
0.5062700151633243	0.02185208659859385	5.038479051755473e-7	0.0018938695848783721	0.08666767708124677
0.5064441808516168	0.02185208659859385	5.038479051755473e-7	0.0018938695848783721	0.08666767708124677
0.5066183465399094	0.02185208659859385	5.038479051755473e-7	0.0018938695848783721	0.08666767708124677
0.5067925122282021	0.02185208659859385	5.038479051755473e-7	0.0018938695848783721	0.08666767708124677
0.5069666779164946	0.02185208659859385	5.038479051755473e-7	0.0018938695848783721	0.08666767708124677
0.5071408436047873	0.02185208659859385	5.038479051755473e-7	0.0018938695848783721	0.08666767708124677
0.5073150092930798	0.02185208659859385	5.038479051755473e-7	0.0018938695848783721	0.08666767708124677
0.5074891749813725	0.02185208659859385	5.038479051755473e-7	0.0018938695848783721	0.08666767708124677
0.5076633406696651	0.02185208659859385	5.038479051755473e-7	0.0018938695848783721	0.08666767708124677
0.5078375063579577	0.02185208659859385	5.038479051755473e-7	0.0018938695848783721	0.08666767708124677
0.5080116720462503	0.02185208659859385	5.038479051755473e-7	0.0018938695848783721	0.08666767708124677
0.5081858377345428	0.02185208659859385	5.038479051755473e-7	0.0018938695848783721	0.08666767708124677
0.5083600034228355	0.02185208659859385	5.038479051755473e-7	0.0018938695848783721	0.08666767708124677
0.5085341691111281	0.02185208659859385	5.038479051755473e-7	0.0018938695848783721	0.08666767708124677
0.5087083347994207	0.02185208659859385	5.038479051755473e-7	0.0018938695848783721	0.08666767708124677
0.5088825004877133	0.02185208659859385	5.038479051755473e-7	0.0018938695848783721	0.08666767708124677
0.5090566661760059	0.02185208659859385	5.038479051755473e-7	0.0018938695848783721	0.08666767708124677
0.5092308318642985	0.02185208659859385	5.038479051755473e-7	0.0018938695848783721	0.08666767708124677
0.5094049975525912	0.02185208659859385	5.038479051755473e-7	0.0018938695848783721	0.08666767708124677
0.5095791632408837	0.02185208659859385	5.038479051755473e-7	0.0018938695848783721	0.08666767708124677
0.5097533289291764	0.02185208659859385	5.038479051755473e-7	0.0018938695848783721	0.08666767708124677
0.5099274946174689	0.02185208659859385	5.038479051755473e-7	0.0018938695848783721	0.08666767708124677
0.5101016603057615	0.02185208659859385	5.038479051755473e-7	0.0018938695848783721	0.08666767708124677
0.5102758259940541	0.02185208659859385	5.038479051755473e-7	0.0018938695848783721	0.08666767708124677
0.5104499916823467	0.02185208659859385	5.038479051755473e-7	0.0018938695848783721	0.08666767708124677
0.5106241573706394	0.02185208659859385	5.038479051755473e-7	0.0018938695848783721	0.08666767708124677
0.5107983230589319	0.02185208659859385	5.038479051755473e-7	0.0018938695848783721	0.08666767708124677
0.5109724887472246	0.02185208659859385	5.038479051755473e-7	0.0018938695848783721	0.08666767708124677
0.5111466544355171	0.02185208659859385	5.038479051755473e-7	0.0018938695848783721	0.08666767708124677
0.5113208201238097	0.02185208659859385	5.038479051755473e-7	0.0018938695848783721	0.08666767708124677
0.5114949858121024	0.02185208659859385	5.038479051755473e-7	0.0018938695848783721	0.08666767708124677
0.5116691515003949	0.02185208659859385	5.038479051755473e-7	0.0018938695848783721	0.08666767708124677
0.5118433171886876	0.02185208659859385	5.038479051755473e-7	0.0018938695848783721	0.08666767708124677
0.5120174828769801	0.02185208659859385	5.038479051755473e-7	0.0018938695848783721	0.08666767708124677
0.5121916485652728	0.02185208659859385	5.038479051755473e-7	0.0018938695848783721	0.08666767708124677
0.5123658142535654	0.02185208659859385	5.038479051755473e-7	0.0018938695848783721	0.08666767708124677
0.512539979941858	0.02185208659859385	5.038479051755473e-7	0.0018938695848783721	0.08666767708124677
0.5127141456301506	0.02185208659859385	5.038479051755473e-7	0.0018938695848783721	0.08666767708124677
0.5128883113184431	0.02185208659859385	5.038479051755473e-7	0.0018938695848783721	0.08666767708124677
0.5130624770067358	0.02185208659859385	5.038479051755473e-7	0.0018938695848783721	0.08666767708124677
0.5132366426950284	0.02185208659859385	5.038479051755473e-7	0.0018938695848783721	0.08666767708124677
0.513410808383321	0.02185208659859385	5.038479051755473e-7	0.0018938695848783721	0.08666767708124677
0.5135849740716136	0.02185208659859385	5.038479051755473e-7	0.0018938695848783721	0.08666767708124677
0.5137591397599062	0.02185208659859385	5.038479051755473e-7	0.0018938695848783721	0.08666767708124677
0.5139333054481988	0.02185208659859385	5.038479051755473e-7	0.0018938695848783721	0.08666767708124677
0.5141074711364915	0.02185208659859385	5.038479051755473e-7	0.0018938695848783721	0.08666767708124677
0.514281636824784	0.02185208659859385	5.038479051755473e-7	0.0018938695848783721	0.08666767708124677
0.5144558025130767	0.02185208659859385	5.038479051755473e-7	0.0018938695848783721	0.08666767708124677
0.5146299682013692	0.02185208659859385	5.038479051755473e-7	0.0018938695848783721	0.08666767708124677
0.5148041338896618	0.02185208659859385	5.038479051755473e-7	0.0018938695848783721	0.08666767708124677
0.5149782995779544	0.02185208659859385	5.038479051755473e-7	0.0018938695848783721	0.08666767708124677
0.515152465266247	0.02185208659859385	5.038479051755473e-7	0.0018938695848783721	0.08666767708124677
0.5153266309545397	0.02185208659859385	5.038479051755473e-7	0.0018938695848783721	0.08666767708124677
0.5155007966428322	0.02185208659859385	5.038479051755473e-7	0.0018938695848783721	0.08666767708124677
0.5156749623311249	0.02185208659859385	5.038479051755473e-7	0.0018938695848783721	0.08666767708124677
0.5158491280194174	0.02185208659859385	5.038479051755473e-7	0.0018938695848783721	0.08666767708124677
0.51602329370771	0.02185208659859385	5.038479051755473e-7	0.0018938695848783721	0.08666767708124677
0.5161974593960027	0.02185208659859385	5.038479051755473e-7	0.0018938695848783721	0.08666767708124677
0.5163716250842952	0.02185208659859385	5.038479051755473e-7	0.0018938695848783721	0.08666767708124677
0.5165457907725879	0.02185208659859385	5.038479051755473e-7	0.0018938695848783721	0.08666767708124677
0.5167199564608804	0.02185208659859385	5.038479051755473e-7	0.0018938695848783721	0.08666767708124677
0.5168941221491731	0.02185208659859385	5.038479051755473e-7	0.0018938695848783721	0.08666767708124677
0.5170682878374657	0.02185208659859385	5.038479051755473e-7	0.0018938695848783721	0.08666767708124677
0.5172424535257583	0.02185208659859385	5.038479051755473e-7	0.0018938695848783721	0.08666767708124677
0.5174166192140509	0.02185208659859385	5.038479051755473e-7	0.0018938695848783721	0.08666767708124677
0.5175907849023434	0.02185208659859385	5.038479051755473e-7	0.0018938695848783721	0.08666767708124677
0.5177649505906361	0.02185208659859385	5.038479051755473e-7	0.0018938695848783721	0.08666767708124677
0.5179391162789287	0.02185208659859385	5.038479051755473e-7	0.0018938695848783721	0.08666767708124677
0.5181132819672213	0.02185208659859385	5.038479051755473e-7	0.0018938695848783721	0.08666767708124677
0.5182874476555139	0.02185208659859385	5.038479051755473e-7	0.0018938695848783721	0.08666767708124677
0.5184616133438065	0.02185208659859385	5.038479051755473e-7	0.0018938695848783721	0.08666767708124677
0.5186357790320991	0.02185208659859385	5.038479051755473e-7	0.0018938695848783721	0.08666767708124677
0.5188099447203918	0.02185208659859385	5.038479051755473e-7	0.0018938695848783721	0.08666767708124677
0.5189841104086843	0.02185208659859385	5.038479051755473e-7	0.0018938695848783721	0.08666767708124677
0.519158276096977	0.02185208659859385	5.038479051755473e-7	0.0018938695848783721	0.08666767708124677
0.5193324417852695	0.02185208659859385	5.038479051755473e-7	0.0018938695848783721	0.08666767708124677
0.5195066074735621	0.02185208659859385	5.038479051755473e-7	0.0018938695848783721	0.08666767708124677
0.5196807731618547	0.02185208659859385	5.038479051755473e-7	0.0018938695848783721	0.08666767708124677
0.5198549388501473	0.02185208659859385	5.038479051755473e-7	0.0018938695848783721	0.08666767708124677
0.52002910453844	0.02185208659859385	5.038479051755473e-7	0.0018938695848783721	0.08666767708124677
0.5202032702267325	0.02185208659859385	5.038479051755473e-7	0.0018938695848783721	0.08666767708124677
0.5203774359150252	0.02185208659859385	5.038479051755473e-7	0.0018938695848783721	0.08666767708124677
0.5205516016033177	0.02185208659859385	5.038479051755473e-7	0.0018938695848783721	0.08666767708124677
0.5207257672916104	0.02185208659859385	5.038479051755473e-7	0.0018938695848783721	0.08666767708124677
0.520899932979903	0.02185208659859385	5.038479051755473e-7	0.0018938695848783721	0.08666767708124677
0.5210740986681955	0.02185208659859385	5.038479051755473e-7	0.0018938695848783721	0.08666767708124677
0.5212482643564882	0.02185208659859385	5.038479051755473e-7	0.0018938695848783721	0.08666767708124677
0.5214224300447807	0.02185208659859385	5.038479051755473e-7	0.0018938695848783721	0.08666767708124677
0.5215965957330734	0.02185208659859385	5.038479051755473e-7	0.0018938695848783721	0.08666767708124677
0.521770761421366	0.02185208659859385	5.038479051755473e-7	0.0018938695848783721	0.08666767708124677
0.5219449271096586	0.02185208659859385	5.038479051755473e-7	0.0018938695848783721	0.08666767708124677
0.5221190927979512	0.02185208659859385	5.038479051755473e-7	0.0018938695848783721	0.08666767708124677
0.5222932584862437	0.02185208659859385	5.038479051755473e-7	0.0018938695848783721	0.08666767708124677
0.5224674241745364	0.02185208659859385	5.038479051755473e-7	0.0018938695848783721	0.08666767708124677
0.5226415898628289	0.02185208659859385	5.038479051755473e-7	0.0018938695848783721	0.08666767708124677
0.5228157555511216	0.02185208659859385	5.038479051755473e-7	0.0018938695848783721	0.08666767708124677
0.5229899212394142	0.02185208659859385	5.038479051755473e-7	0.0018938695848783721	0.08666767708124677
0.5231640869277068	0.02185208659859385	5.038479051755473e-7	0.0018938695848783721	0.08666767708124677
0.5233382526159994	0.02185208659859385	5.038479051755473e-7	0.0018938695848783721	0.08666767708124677
0.523512418304292	0.02185208659859385	5.038479051755473e-7	0.0018938695848783721	0.08666767708124677
0.5236865839925846	0.02185208659859385	5.038479051755473e-7	0.0018938695848783721	0.08666767708124677
0.5238607496808773	0.02185208659859385	5.038479051755473e-7	0.0018938695848783721	0.08666767708124677
0.5240349153691698	0.02185208659859385	5.038479051755473e-7	0.0018938695848783721	0.08666767708124677
0.5242090810574624	0.02185208659859385	5.038479051755473e-7	0.0018938695848783721	0.08666767708124677
0.524383246745755	0.02185208659859385	5.038479051755473e-7	0.0018938695848783721	0.08666767708124677
0.5245574124340476	0.02185208659859385	5.038479051755473e-7	0.0018938695848783721	0.08666767708124677
0.5247315781223403	0.02185208659859385	5.038479051755473e-7	0.0018938695848783721	0.08666767708124677
0.5249057438106328	0.02185208659859385	5.038479051755473e-7	0.0018938695848783721	0.08666767708124677
0.5250799094989255	0.02185208659859385	5.038479051755473e-7	0.0018938695848783721	0.08666767708124677
0.525254075187218	0.02185208659859385	5.038479051755473e-7	0.0018938695848783721	0.08666767708124677
0.5254282408755107	0.02185208659859385	5.038479051755473e-7	0.0018938695848783721	0.08666767708124677
0.5256024065638033	0.02185208659859385	5.038479051755473e-7	0.0018938695848783721	0.08666767708124677
0.5257765722520958	0.02185208659859385	5.038479051755473e-7	0.0018938695848783721	0.08666767708124677
0.5259507379403885	0.02185208659859385	5.038479051755473e-7	0.0018938695848783721	0.08666767708124677
0.526124903628681	0.02185208659859385	5.038479051755473e-7	0.0018938695848783721	0.08666767708124677
0.5262990693169737	0.02185208659859385	5.038479051755473e-7	0.0018938695848783721	0.08666767708124677
0.5264732350052663	0.02185208659859385	5.038479051755473e-7	0.0018938695848783721	0.08666767708124677
0.5266474006935589	0.02185208659859385	5.038479051755473e-7	0.0018938695848783721	0.08666767708124677
0.5268215663818515	0.02185208659859385	5.038479051755473e-7	0.0018938695848783721	0.08666767708124677
0.526995732070144	0.02185208659859385	5.038479051755473e-7	0.0018938695848783721	0.08666767708124677
0.5271698977584367	0.02185208659859385	5.038479051755473e-7	0.0018938695848783721	0.08666767708124677
0.5273440634467292	0.02185208659859385	5.038479051755473e-7	0.0018938695848783721	0.08666767708124677
0.5275182291350219	0.02185208659859385	5.038479051755473e-7	0.0018938695848783721	0.08666767708124677
0.5276923948233145	0.02185208659859385	5.038479051755473e-7	0.0018938695848783721	0.08666767708124677
0.5278665605116071	0.02185208659859385	5.038479051755473e-7	0.0018938695848783721	0.08666767708124677
0.5280407261998997	0.02185208659859385	5.038479051755473e-7	0.0018938695848783721	0.08666767708124677
0.5282148918881923	0.02185208659859385	5.038479051755473e-7	0.0018938695848783721	0.08666767708124677
0.5283890575764849	0.02185208659859385	5.038479051755473e-7	0.0018938695848783721	0.08666767708124677
0.5285632232647776	0.02185208659859385	5.038479051755473e-7	0.0018938695848783721	0.08666767708124677
0.5287373889530701	0.02185208659859385	5.038479051755473e-7	0.0018938695848783721	0.08666767708124677
0.5289115546413627	0.02185208659859385	5.038479051755473e-7	0.0018938695848783721	0.08666767708124677
0.5290857203296553	0.02185208659859385	5.038479051755473e-7	0.0018938695848783721	0.08666767708124677
0.5292598860179479	0.02185208659859385	5.038479051755473e-7	0.0018938695848783721	0.08666767708124677
0.5294340517062406	0.02185208659859385	5.038479051755473e-7	0.0018938695848783721	0.08666767708124677
0.5296082173945331	0.02185208659859385	5.038479051755473e-7	0.0018938695848783721	0.08666767708124677
0.5297823830828258	0.02185208659859385	5.038479051755473e-7	0.0018938695848783721	0.08666767708124677
0.5299565487711183	0.02185208659859385	5.038479051755473e-7	0.0018938695848783721	0.08666767708124677
0.530130714459411	0.02185208659859385	5.038479051755473e-7	0.0018938695848783721	0.08666767708124677
0.5303048801477035	0.02185208659859385	5.038479051755473e-7	0.0018938695848783721	0.08666767708124677
0.5304790458359961	0.02185208659859385	5.038479051755473e-7	0.0018938695848783721	0.08666767708124677
0.5306532115242888	0.02185208659859385	5.038479051755473e-7	0.0018938695848783721	0.08666767708124677
0.5308273772125813	0.02185208659859385	5.038479051755473e-7	0.0018938695848783721	0.08666767708124677
0.531001542900874	0.02185208659859385	5.038479051755473e-7	0.0018938695848783721	0.08666767708124677
0.5311757085891665	0.02185208659859385	5.038479051755473e-7	0.0018938695848783721	0.08666767708124677
0.5313498742774592	0.02185208659859385	5.038479051755473e-7	0.0018938695848783721	0.08666767708124677
0.5315240399657518	0.02185208659859385	5.038479051755473e-7	0.0018938695848783721	0.08666767708124677
0.5316982056540444	0.02185208659859385	5.038479051755473e-7	0.0018938695848783721	0.08666767708124677
0.531872371342337	0.02185208659859385	5.038479051755473e-7	0.0018938695848783721	0.08666767708124677
0.5320465370306295	0.02185208659859385	5.038479051755473e-7	0.0018938695848783721	0.08666767708124677
0.5322207027189222	0.02185208659859385	5.038479051755473e-7	0.0018938695848783721	0.08666767708124677
0.5323948684072148	0.02185208659859385	5.038479051755473e-7	0.0018938695848783721	0.08666767708124677
0.5325690340955074	0.02185208659859385	5.038479051755473e-7	0.0018938695848783721	0.08666767708124677
0.5327431997838	0.02185208659859385	5.038479051755473e-7	0.0018938695848783721	0.08666767708124677
0.5329173654720926	0.02185208659859385	5.038479051755473e-7	0.0018938695848783721	0.08666767708124677
0.5330915311603852	0.02185208659859385	5.038479051755473e-7	0.0018938695848783721	0.08666767708124677
0.5332656968486779	0.02185208659859385	5.038479051755473e-7	0.0018938695848783721	0.08666767708124677
0.5334398625369704	0.02185208659859385	5.038479051755473e-7	0.0018938695848783721	0.08666767708124677
0.533614028225263	0.02185208659859385	5.038479051755473e-7	0.0018938695848783721	0.08666767708124677
0.5337881939135556	0.02185208659859385	5.038479051755473e-7	0.0018938695848783721	0.08666767708124677
0.5339623596018482	0.02185208659859385	5.038479051755473e-7	0.0018938695848783721	0.08666767708124677
0.5341365252901409	0.02185208659859385	5.038479051755473e-7	0.0018938695848783721	0.08666767708124677
0.5343106909784334	0.02185208659859385	5.038479051755473e-7	0.0018938695848783721	0.08666767708124677
0.5344848566667261	0.02185208659859385	5.038479051755473e-7	0.0018938695848783721	0.08666767708124677
0.5346590223550186	0.02185208659859385	5.038479051755473e-7	0.0018938695848783721	0.08666767708124677
0.5348331880433113	0.02185208659859385	5.038479051755473e-7	0.0018938695848783721	0.08666767708124677
0.5574198588598288	0.03650324007627798	0.1882225927029164	0.0038844002369539665	0.10641247814815992
0.5715199987014082	0.04905388489431311	0.30572375804941165	0.005874930889029573	0.11976484434794811
0.5819775667843468	0.060421114104397815	0.39287015874056586	0.007865461541105179	0.13017736693029106
0.590367105254788	0.07098583337934439	0.46278297932757595	0.009855992193180785	0.13884449507707974
0.5974109796033532	0.08095363618426776	0.5214819322322868	0.011846522845256391	0.1463371307780564
0.6035040561781643	0.09045172999045531	0.5722575703557122	0.013837053497331997	0.15297721225223793
0.6088869961132111	0.09956586177097272	0.6171154031477681	0.015827584149407603	0.15896597355642988
0.6137178740265039	0.10835735640793952	0.6573727190918761	0.01781811480148321	0.16443844139573016
0.6181063723337734	0.11687202325542101	0.6939435383191217	0.01980864545355887	0.16949005332326242
0.6221318612906623	0.12514524387184928	0.7274892796265287	0.021799176105634477	0.17419100743418728
0.6258537182984567	0.133205078829519	0.7585047546914827	0.023789706757710083	0.17859459238905648
0.62931757964603	0.14107426647305832	0.7873702659212598	0.02578023740978569	0.18274231051705717
0.6325593139122107	0.1487715639568484	0.8143847181394315	0.027770768061861295	0.18666717834542818
0.6356076488194055	0.15631267863938214	0.8397875090327216	0.0297612987139369	0.19039593571675062
0.6384859661376979	0.163710933986957	0.8637734866851592	0.03175182936601251	0.19395057246782432
0.641213563028638	0.17097775754950986	0.8865034607763265	0.03374236001808811	0.19734941258846123
0.6438065601176908	0.17812304622947028	0.9081117698517658	0.03573289067016372	0.20060790238299747
0.6462785691353381	0.18515544480596816	0.928711844998827	0.037723421322239326	0.20373919525710527
0.6486411929425179	0.19208256179687666	0.9484003767253253	0.03971395197431493	0.20675459345607652
0.6509044062021833	0.19891113918446837	0.9672604872225372	0.04170448262639054	0.20966388708736006
0.6530768494492497	0.20564718759232642	0.9853641809480906	0.043695013278466144	0.21247561802346085
0.6551660592580758	0.21229609519621387	1.002774262688308	0.04568554393054175	0.21519728795914525
0.6571786505383533	0.21886271639209087	1.0195458566906206	0.047676074582617356	0.2178355243348348
0.6591204624747391	0.22535144466986312	1.0357276228271688	0.04966660523469296	0.2203962140444845
0.6609966765101402	0.2317662730250181	1.051362739788844	0.05165713588676857	0.22288461221099423
0.662811912586388	0.23811084443623218	1.0664897070909098	0.053647666538844174	0.22530543145090315
0.6645703082980587	0.24438849434958201	1.0811430046881658	0.05563819719091978	0.2276629157153893
0.6662755844890766	0.2506022866751531	1.0953536396133157	0.057628727842995386	0.2299609018240822
0.6679310999971287	0.2567550444760665	1.109149602180416	0.05961925849507099	0.23220287109345739
0.6695398976397926	0.26284937628315685	1.1225562492026153	0.0616097891471466	0.23439199292897275
0.6711047430783343	0.26888769877965574	1.1355966278571294	0.0636003197992222	0.23653116184887465
0.6726281578484012	0.2748722564542865	1.1482917509410195	0.06559085045129781	0.23862302910226996
0.674112447581799	0.2808051387073991	1.1606608320526677	0.06758138110337342	0.2406700298095103
0.6755597262391182	0.28668829480533853	1.1727214875303278	0.06957191175544908	0.242674406371172
0.6769719370139899	0.2925235470073893	1.1844899106542592	0.07156244240752468	0.24463822874989608
0.6783508704451232	0.29831260213311006	1.19598102258037	0.07355297305960029	0.24656341211753507
0.6796981801738642	0.30405706179244607	1.2072086036532113	0.0755435037116759	0.24845173227136896
0.6810153967067658	0.309758431464291	1.2181854080940586	0.0775340343637515	0.25030483915234325
0.6823039394800259	0.3154181285792886	1.2289232645378918	0.07952456501582711	0.2521242687413781
0.6835651274722139	0.3210374897382273	1.2394331644727918	0.08151509566790271	0.2539114535637872
0.6848001885708564	0.3266177771772749	1.2497253402948136	0.08350562631997832	0.25566773199443715
0.6860102678651696	0.33216018457467594	1.2598093344140904	0.08549615697205393	0.25739435652569237
0.6871964350099846	0.3376658422797284	1.2696940606208815	0.08748668762412953	0.2590925011350541
0.688359690783491	0.34313582203332527	1.2793878587334344	0.08947721827620514	0.26076326786864923
0.6895009729428867	0.34857114123968597	1.288898543395066	0.09146774892828075	0.2624076927395011
0.6906211614666271	0.3539727668407659	1.2982334477595692	0.09345827958035635	0.26402675102516693
0.6917210832591256	0.35934161883795807	1.3073994626970569	0.09544881023243196	0.26562136203731457
0.6928015163830052	0.3646785734998662	1.3164030720627204	0.09743934088450756	0.26719239342572265
0.6938631938749535	0.3699844662899615	1.325250384495622	0.09942987153658317	0.26874066507067546
0.6949068071936064	0.3752600945436909	1.3339471621510635	0.10142040218865878	0.2702669526105195
0.6959330093414182	0.3805062199209659	1.3424988467161612	0.10341093284073438	0.2717719906450245
0.6969424176969816	0.38572357065682983	1.350910583012523	0.10540146349280999	0.27325647564997646
0.6979356165895777	0.39091284363040346	1.3591872404508236	0.1073919941448856	0.2747210686339627
0.6989131596437248	0.3960747062698706	1.3673334325687163	0.1093825247969612	0.2761663975644837
0.6998755719180582	0.40120979830923864	1.375353534854828	0.1113730554490368	0.27759305958722946
0.7008233518599114	0.40631873341084596	1.3832517010369383	0.11336358610111241	0.27900162305951504
0.7017569730944151	0.4114021006660483	1.3910318779911357	0.11535411675318802	0.2803926294164103
0.7026768860647201	0.4164604659851713	1.3986978194103443	0.11734464740526362	0.2817665948859642
0.7035835195380318	0.42149437338663603	1.4062530983546075	0.11933517805733923	0.28312401206806453
0.7044772819904752	0.42650434619412975	1.4137011187916368	0.12132570870941489	0.2844653513898583
0.7053585628823565	0.43149088814977665	1.4210451262239807	0.1233162393614905	0.2857910624492392
0.7062277338341115	0.43645448445046453	1.4282882174886058	0.1253067700135661	0.2871015752566699
0.7070851497121234	0.44139560271376377	1.435433349805372	0.1272973006656417	0.28839730138451664
0.7079311496326091	0.4463146938792462	1.4424833491427522	0.12928783131771732	0.28967863503211727
0.7087660578909154	0.45121219305045346	1.4494409179619718	0.13127836196979292	0.2909459540139548
0.7095901848228088	0.45608852028225827	1.4563086423944163	0.13326889262186853	0.29219962067756666
0.7104038276036697	0.46094408131792514	1.463088998901591	0.13525942327394413	0.293439982757154
0.7112072709909127	0.465779268279773	1.4697843604619496	0.13724995392601974	0.2946673741682718
0.7120007880144241	0.4705944603169921	1.4763970023245445	0.13924048457809535	0.2958821157484579
0.7127846406193453	0.4753900242138447	1.4829291073655537	0.14123101523017095	0.2970845159481954
0.7135590802651123	0.4801663149611973	1.489382771080279	0.14322154588224656	0.2982748714761893
0.7143243484842916	0.4849236762940723	1.4957600062401062	0.14521207653432217	0.2994534679025678
0.7150806774044213	0.4896624411976766	1.5020627472411872	0.14720260718639777	0.3006205802232892
0.715828290235772	0.4943829323841571	1.50829285416911	0.14919313783847338	0.3017764733887371
0.7165674017276756	0.4990854627421433	1.51445211660164	0.15118366849054898	0.30292140279922214
0.7172982185958319	0.503770335760968	1.520542257169609	0.1531741991426246	0.3040556147698693
0.7180209399227908	0.5084378459313016	1.5265649348942665	0.1551647297947002	0.30517934696715227
0.7187357575336151	0.5130882791237982	1.5325217483178015	0.1571552604467758	0.30629282881914616
0.719442856348554	0.5177219129472219	1.5384142384422934	0.15914579109885144	0.3073962819013906
0.720142414714405	0.5223390170874073	1.544243891491051	0.16113632175092704	0.30848992030010036
0.7208346047160951	0.5269398536283058	1.550012141505135	0.16312685240300265	0.3095739509543142
0.721519592469891	0.5315246773562684	1.5557203727867677	0.16511738305507825	0.31064857397844575
0.7221975383995269	0.536093736048634	1.5613699222004007	0.16710791370715386	0.3117139829665795
0.7228685974964365	0.5406472707476075	1.5669620813413137	0.16909844435922947	0.31277036527975066
0.7235329195651791	0.5451855160203445	1.5724980985808357	0.17108897501130507	0.31381790231734735
0.7241906494550653	0.5497087002060855	1.5779791809965542	0.17307950566338068	0.3148567697736879
0.7248419272789057	0.5542170456511303	1.583406496195224	0.17507003631545628	0.31588713788074235
0.7254868886197371	0.5587107689323779	1.5887811740354851	0.1770605669675319	0.31690917163789617
0.7261256647263137	0.5631900810701145	1.594104308256957	0.1790510976196075	0.31792303102958325
0.7267583826980921	0.5676551877306758	1.5993769580217778	0.1810416282716831	0.3189288712315589
0.7273851656603828	0.5721062894195763	1.6046001493741997	0.1830321589237587	0.31992684280652084
0.7280061329302911	0.5765435816656489	1.609774876623436	0.18502268957583434	0.3209170918897391
0.728621400174028	0.5809672551967062	1.614902103654576	0.18701322022790995	0.3218997603653071
0.7292310795561225	0.5853774961072019	1.6199827651720313	0.18900375087998555	0.3228749860335812
0.7298352798810375	0.5897744860183338	1.625017767879655	0.19099428153206116	0.32384290277033767
0.7304341067276452	0.594158402231007	1.6300079916013859	0.19298481218413677	0.3248036406781383
0.731027662576998	0.5985294178720433	1.6349542903459933	0.19497534283621237	0.32575732623036285
0.7316160469337888	0.6028877020340039	1.63985749331925	0.19696587348828798	0.32670408240833343
0.7321993564418748	0.6072334199089633	1.644718405886633	0.19895640414036359	0.3276440288319296
0.7327776849942119	0.6115667329165556	1.6495378104894425	0.2009469347924392	0.32857728188406404
0.7333511238375212	0.6158877988265916	1.6543164675170194	0.2029374654445148	0.32950395482936584
0.7339197616719895	0.6201967718765288	1.659055116137589	0.2049279960965904	0.3304241579273945
0.7344836847462862	0.6244938028840573	1.6637544750900615	0.206918526748666	0.33133799854068724
0.7350429769481571	0.6287790393550503	1.6684152434389854	0.20890905740074162	0.3322455812379231
0.7355977198908435	0.6330526255871123	1.6730381012947058	0.21089958805281725	0.33314700789246793
0.7361479929955552	0.6373147027689431	1.6776237105006366	0.21289011870489286	0.3340423777765498
0.7366938735702121	0.641565409075727	1.6821727152894441	0.21488064935696846	0.33493178765129633
0.7372354368846574	0.6458048797607379	1.6866857429098214	0.21687118000904407	0.33581533185285306
0.7377727562425306	0.6500332472433468	1.6911634042254313	0.21886171066111967	0.33669310237478745
0.7383059030499777	0.6542506411936022	1.6956062942874905	0.22085224131319528	0.337565188946971
0.7388349468813644	0.6584571886135486	1.7000149928823804	0.22284277196527089	0.33843167911112026
0.7393599555421501	0.6626530139154344	1.7043900650555937	0.2248333026173465	0.3392926582931666
0.7398809951290666	0.6668382389969568	1.708732061613231	0.2268238332694221	0.34014820987261535
0.740398130087743	0.67101298331368	1.7130415196022017	0.2288143639214977	0.34099841524904345
0.7409114232679037	0.6751773639487565	1.717318962770208	0.2308048945735733	0.3418433539058791
0.7414209359762627	0.6793314956800741	1.721564902006532	0.23279542522564892	0.34268310347159603
0.7419267280272286	0.6834754910449463	1.7257798357645815	0.23478595587772455	0.3435177397784476
0.7424288577915306	0.6876094604024532	1.729964250467098	0.23677648652980016	0.3443473369188616
0.7429273822428641	0.6917335119935405	1.7341186208948778	0.23876701718187576	0.3451719672996057
0.743422357002656	0.6958477519989728	1.7382434105598101	0.24075754783395137	0.34599170169383087
0.7439138363830365	0.6999522845952356	1.7423390720629808	0.24274807848602697	0.3468066092910918
0.7444018734281075	0.7040472120084758	1.7464060474385719	0.24473860913810258	0.34761675774543976
0.7448865199535846	0.7081326345665631	1.7504447684842144	0.2467291397901782	0.348422213221676
0.7453678265848922	0.7122086507493544	1.7544556570784449	0.2487196704422538	0.3492230404398514
0.7458458427937822	0.7162753572372345	1.7584391254858613	0.2507102010943294	0.35001930271809245
0.7463206169335448	0.7203328489580088	1.7623955766505501	0.252700731746405	0.35081106201382745
0.746792196272878	0.7243812191322128	1.7663254044783263	0.2546912623984806	0.3515983789634872
0.747260627028474	0.7284205593169075	1.770228994108293	0.2566817930505562	0.35238131292074626
0.7477259543963837	0.7324509594480193	1.7741067221742066	0.2586723237026318	0.35315992199337043
0.7481882225822114	0.7364725078812853	1.7779589570561043	0.2606628543547075	0.3539342630787308
0.7486474748301944	0.7404852914318599	1.7817860591226298	0.26265338500678304	0.35470439189804304
0.7491037534512147	0.7444893954126387	1.785588380964466	0.2646439156588587	0.3554703630293859
0.7495570998497908	0.7484849036713429	1.7893662676192668	0.26663444631093425	0.35623222993955334
0.7500075545500942	0.7524718986264249	1.7931200567884615	0.2686249769630099	0.3569900450147873
0.7504551572210318	0.7564504613018295	1.7968500790462747	0.27061550761508546	0.3577438595904403
0.750899946700436	0.7604206713606636	1.8005566580413102	0.2726060382671611	0.35849372397961216
0.7513419610183985	0.7643826071378117	1.8042401106909969	0.27459656891923667	0.35923968750080315
0.7517812374197852	0.76833634567154	1.8079007473692197	0.27658709957131233	0.3599817985046252
0.7522178123859675	0.7722819627341262	1.811538872087405	0.2785776302233879	0.3607201043996076
0.7526517216558	0.7762195328615527	1.8151547826693428	0.28056816087546355	0.3614546516771383
0.7530830002458793	0.7801491293822967	1.818748770920003	0.28255869152753915	0.36218548593557015
0.7535116824701098	0.7840708244452542	1.822321122788591	0.28454922217961476	0.36291265190353056
0.7539378019586086	0.7879846890468247	1.8258721185260811	0.28653975283169036	0.36363619346246356
0.7543613916759728	0.7918907930571931	1.8294020328374496	0.28853028348376597	0.36435615366843555
0.7547824839389372	0.795789205245833	1.8329111350288199	0.2905208141358416	0.3650725747732337
0.7552011104334463	0.7996799933062634	1.8363996891497287	0.2925113447879172	0.3657854982447841
0.7556173022311627	0.8035632238800834	1.8398679541306988	0.2945018754399928	0.3664949647869172
0.7560310898054364	0.8074389625803114	1.843316183916313	0.2964924060920684	0.36720101435850383
0.7564425030467539	0.8113072740140532	1.8467446275939585	0.298482936744144	0.36790368619198865
0.7568515712776882	0.8151682218045235	1.8501535295184115	0.3004734673962196	0.3686030188113403
0.7572583232673701	0.8190218686124416	1.8535431294324272	0.3024639980482952	0.36929905004944397
0.7576627872454971	0.8228682761568258	1.8569136625834854	0.3044545287003708	0.3699918170649546
0.7580649909158993	0.8267075052352035	1.8602653598368368	0.3064450593524464	0.37068135635863236
0.7584649614696782	0.8305396157432621	1.863598447784995	0.30843559000452203	0.37136770378917866
0.7588627255979353	0.8343646666939535	1.8669131488538038	0.31042612065659764	0.3720508945885918
0.7592583095041043	0.8381827162360769	1.8702096814052123	0.31241665130867324	0.3727309633770593
0.7596517389159037	0.841993821672353	1.873488259836874	0.31440718196074885	0.37340794417740375
0.7600430390969224	0.845798039477009	1.8767490946786969	0.31639771261282446	0.374081870429099
0.7604322348578525	0.8495954253128896	1.879992392686447	0.3183882432649001	0.3747527750018709
0.760819350567381	0.8533860340481085	1.8832183569325178	0.32037877391697567	0.37542069020889873
0.7612044101627551	0.8571699197722613	1.886427186893968	0.32236930456905133	0.37608564781963016
0.7615874371600302	0.8609471358122034	1.8896190785379272	0.3243598352211269	0.3767476790722245
0.761968454664014	0.8647177347474193	1.8927942244044593	0.32635036587320254	0.37740681468563636
0.7623474853779166	0.8684817684249857	1.8959528136869814	0.3283408965252781	0.378063084871353
0.7627245516127169	0.8722392879741498	1.8990950323103173	0.33033142717735375	0.3787165193447966
0.7630996752962558	0.875990343820529	1.9022210630064738	0.33232195782942936	0.3793671473364035
0.763472877982065	0.8797349856999477	1.9053310853882177	0.33431248848150497	0.3800149976023908
0.7638441808579427	0.8834732626719204	1.908425276020532	0.33630301913358057	0.3806600984352227
0.7642136047542814	0.887205223132794	1.9115038084900202	0.3382935497856562	0.38130247767378334
0.7645811701521588	0.8909309148285586	1.9145668534723332	0.3402840804377318	0.38194216271327
0.7649468971912012	0.8946503848673366	1.9176145787976862	0.3422746110898074	0.38257918051481266
0.7653108056772222	0.8983636797315621	1.920647149514528	0.344265141741883	0.3832135576148315
0.7656729150896502	0.9020708452898577	1.9236647279514285	0.3462556723939586	0.3838453201341388
0.7660332445887474	0.9057719268086197	1.9266674737772382	0.3482462030460342	0.3844744937867952
0.7663918130226295	0.9094669689633192	1.9296555440595882	0.3502367336981098	0.38510110388872804
0.7667486389340916	0.913156015849528	1.9326290933217725	0.3522272643501854	0.38572517536611867
0.7671037405672483	0.9168391109936782	1.935588273598078	0.354217795002261	0.3863467327635671
0.7674571358739911	0.9205162973635628	1.9385332344876023	0.35620832565433663	0.3869658002520408
0.7678088425202735	0.9241876173785845	1.9414641232066219	0.35819885630641224	0.3875824016366144
0.7681588778922238	0.9278531129197611	1.9443810846395415	0.36018938695848784	0.38819656036400696
0.7685072591020972	0.9315128253394942	1.9472842613884855	0.36217991761056345	0.3888082995299236
0.7688540029940669	0.9351667954711074	1.9501737938215675	0.36417044826263906	0.38941764188620653
0.7691991261498641	0.9388150636381617	1.9530498201198765	0.36616097891471466	0.39002460984780335
0.7695426448942668	0.9424576696635536	1.9559124763232332	0.36815150956679027	0.3906292254995559
0.7698845753004477	0.9460946528784037	1.9587618963747404	0.3701420402188659	0.39123151060281725
0.77022493319518	0.9497260521307387	1.9615982121641766	0.3721325708709415	0.3918314866019006
0.7705637341639104	0.9533519057939763	1.9644215535702638	0.3741231015230171	0.39242917463036653
0.7709009935557001	0.9569722517752158	1.9672320485018442	0.37611363217509275	0.3930245955171524
0.7712367264880389	0.9605871275233406	1.9700298229380004	0.37810416282716836	0.39361776979254914
0.7715709478515376	0.9641965700369394	1.9728150009671566	0.38009469347924396	0.3942087176940301
0.7719036723145007	0.9678006158720474	1.975587704825182	0.38208522413131957	0.3947974591719364
0.772234914327383	0.9713993011497176	1.978348054932534	0.3840757547833952	0.3953840138950226
0.7725646881271352	0.974992661563422	1.9810961699304697	0.3860662854354708	0.39596840125586696
0.7728930077414409	0.9785807323862897	1.9838321667163508	0.3880568160875464	0.39655064037615134
0.7732198869928475	0.9821635484781868	1.9865561604780724	0.390047346739622	0.39713075011181265
0.7735453395027954	0.9857411442926405	1.9892682647276383	0.3920378773916976	0.3977087490580711
0.7738693786955484	0.9893135538836141	1.9919685913339125	0.3940284080437732	0.39828465555433795
0.7741920178020267	0.9928808109121336	1.9946572505545657	0.3960189386958488	0.3988584876890073
0.7745132698635486	0.9964429486527729	1.9973343510672477	0.3980094693479244	0.39943026330413367
0.7748331477354788	1.0	2.0	0.4	0.4
0.7748331477354788	1.0	2.0	0.4	0.4
0.7762073134741562	1.0	2.0	0.4	0.4
0.7775814792128336	1.0	2.0	0.4	0.4
0.7789556449515109	1.0	2.0	0.4	0.4
0.7803298106901884	1.0	2.0	0.4	0.4
0.7817039764288658	1.0	2.0	0.4	0.4
0.7830781421675432	1.0	2.0	0.4	0.4
0.7844523079062206	1.0	2.0	0.4	0.4
0.785826473644898	1.0	2.0	0.4	0.4
0.7872006393835753	1.0	2.0	0.4	0.4
0.7885748051222528	1.0	2.0	0.4	0.4
0.7899489708609302	1.0	2.0	0.4	0.4
0.7913231365996076	1.0	2.0	0.4	0.4
0.792697302338285	1.0	2.0	0.4	0.4
0.7940714680769623	1.0	2.0	0.4	0.4
0.7954456338156397	1.0	2.0	0.4	0.4
0.7968197995543171	1.0	2.0	0.4	0.4
0.7981939652929946	1.0	2.0	0.4	0.4
0.799568131031672	1.0	2.0	0.4	0.4
0.8009422967703492	1.0	2.0	0.4	0.4
0.8023164625090267	1.0	2.0	0.4	0.4
0.8036906282477041	1.0	2.0	0.4	0.4
0.8050647939863815	1.0	2.0	0.4	0.4
0.806438959725059	1.0	2.0	0.4	0.4
0.8078131254637363	1.0	2.0	0.4	0.4
0.8091872912024136	1.0	2.0	0.4	0.4
0.810561456941091	1.0	2.0	0.4	0.4
0.8119356226797685	1.0	2.0	0.4	0.4
0.8133097884184459	1.0	2.0	0.4	0.4
0.8146839541571232	1.0	2.0	0.4	0.4
0.8160581198958006	1.0	2.0	0.4	0.4
0.817432285634478	1.0	2.0	0.4	0.4
0.8188064513731554	1.0	2.0	0.4	0.4
0.8201806171118329	1.0	2.0	0.4	0.4
0.8215547828505102	1.0	2.0	0.4	0.4
0.8229289485891876	1.0	2.0	0.4	0.4
0.824303114327865	1.0	2.0	0.4	0.4
0.8256772800665424	1.0	2.0	0.4	0.4
0.8270514458052198	1.0	2.0	0.4	0.4
0.8284256115438973	1.0	2.0	0.4	0.4
0.8297997772825746	1.0	2.0	0.4	0.4
0.8311739430212519	1.0	2.0	0.4	0.4
0.8325481087599294	1.0	2.0	0.4	0.4
0.8339222744986068	1.0	2.0	0.4	0.4
0.8352964402372842	1.0	2.0	0.4	0.4
0.8366706059759617	1.0	2.0	0.4	0.4
0.8380447717146389	1.0	2.0	0.4	0.4
0.8394189374533163	1.0	2.0	0.4	0.4
0.8407931031919937	1.0	2.0	0.4	0.4
0.8421672689306712	1.0	2.0	0.4	0.4
0.8435414346693486	1.0	2.0	0.4	0.4
0.8449156004080258	1.0	2.0	0.4	0.4
0.8462897661467033	1.0	2.0	0.4	0.4
0.8476639318853807	1.0	2.0	0.4	0.4
0.8490380976240581	1.0	2.0	0.4	0.4
0.8504122633627355	1.0	2.0	0.4	0.4
0.8517864291014129	1.0	2.0	0.4	0.4
0.8531605948400903	1.0	2.0	0.4	0.4
0.8545347605787676	1.0	2.0	0.4	0.4
0.8559089263174451	1.0	2.0	0.4	0.4
0.8572830920561225	1.0	2.0	0.4	0.4
0.8586572577947998	1.0	2.0	0.4	0.4
0.8600314235334773	1.0	2.0	0.4	0.4
0.8614055892721546	1.0	2.0	0.4	0.4
0.862779755010832	1.0	2.0	0.4	0.4
0.8641539207495095	1.0	2.0	0.4	0.4
0.8655280864881869	1.0	2.0	0.4	0.4
0.8669022522268641	1.0	2.0	0.4	0.4
0.8682764179655416	1.0	2.0	0.4	0.4
0.869650583704219	1.0	2.0	0.4	0.4
0.8710247494428964	1.0	2.0	0.4	0.4
0.8723989151815739	1.0	2.0	0.4	0.4
0.8737730809202511	1.0	2.0	0.4	0.4
0.8751472466589285	1.0	2.0	0.4	0.4
0.876521412397606	1.0	2.0	0.4	0.4
0.8778955781362834	1.0	2.0	0.4	0.4
0.8792697438749608	1.0	2.0	0.4	0.4
0.8806439096136381	1.0	2.0	0.4	0.4
0.8820180753523156	1.0	2.0	0.4	0.4
0.8833922410909929	1.0	2.0	0.4	0.4
0.8847664068296703	1.0	2.0	0.4	0.4
0.8861405725683478	1.0	2.0	0.4	0.4
0.8875147383070252	1.0	2.0	0.4	0.4
0.8888889040457025	1.0	2.0	0.4	0.4
0.8902630697843799	1.0	2.0	0.4	0.4
0.8916372355230573	1.0	2.0	0.4	0.4
0.8930114012617347	1.0	2.0	0.4	0.4
0.8943855670004122	1.0	2.0	0.4	0.4
0.8957597327390895	1.0	2.0	0.4	0.4
0.8971338984777669	1.0	2.0	0.4	0.4
0.8985080642164442	1.0	2.0	0.4	0.4
0.8998822299551217	1.0	2.0	0.4	0.4
0.9012563956937991	1.0	2.0	0.4	0.4
0.9026305614324766	1.0	2.0	0.4	0.4
0.9040047271711538	1.0	2.0	0.4	0.4
0.9053788929098313	1.0	2.0	0.4	0.4
0.9067530586485086	1.0	2.0	0.4	0.4
0.9081272243871861	1.0	2.0	0.4	0.4
0.9095013901258634	1.0	2.0	0.4	0.4
0.9108755558645409	1.0	2.0	0.4	0.4
0.9122497216032182	1.0	2.0	0.4	0.4
0.9136238873418956	1.0	2.0	0.4	0.4
0.914998053080573	1.0	2.0	0.4	0.4
0.9163722188192505	1.0	2.0	0.4	0.4
0.9177463845579279	1.0	2.0	0.4	0.4
0.9191205502966051	1.0	2.0	0.4	0.4
0.9204947160352825	1.0	2.0	0.4	0.4
0.92186888177396	1.0	2.0	0.4	0.4
0.9232430475126374	1.0	2.0	0.4	0.4
0.9246172132513149	1.0	2.0	0.4	0.4
0.9259913789899922	1.0	2.0	0.4	0.4
0.9273655447286695	1.0	2.0	0.4	0.4
0.9287397104673469	1.0	2.0	0.4	0.4
0.9301138762060244	1.0	2.0	0.4	0.4
0.9314880419447018	1.0	2.0	0.4	0.4
0.9328622076833792	1.0	2.0	0.4	0.4
0.9342363734220565	1.0	2.0	0.4	0.4
0.9356105391607339	1.0	2.0	0.4	0.4
0.9369847048994113	1.0	2.0	0.4	0.4
0.9383588706380888	1.0	2.0	0.4	0.4
0.9397330363767661	1.0	2.0	0.4	0.4
0.9411072021154434	1.0	2.0	0.4	0.4
0.9424813678541208	1.0	2.0	0.4	0.4
0.9438555335927983	1.0	2.0	0.4	0.4
0.9452296993314757	1.0	2.0	0.4	0.4
0.946603865070153	1.0	2.0	0.4	0.4
0.9479780308088304	1.0	2.0	0.4	0.4
0.9493521965475078	1.0	2.0	0.4	0.4
0.9507263622861852	1.0	2.0	0.4	0.4
0.9521005280248627	1.0	2.0	0.4	0.4
0.95347469376354	1.0	2.0	0.4	0.4
0.9548488595022175	1.0	2.0	0.4	0.4
0.9562230252408949	1.0	2.0	0.4	0.4
0.9575971909795722	1.0	2.0	0.4	0.4
0.9589713567182496	1.0	2.0	0.4	0.4
0.9603455224569271	1.0	2.0	0.4	0.4
0.9617196881956045	1.0	2.0	0.4	0.4
0.9630938539342818	1.0	2.0	0.4	0.4
0.9644680196729591	1.0	2.0	0.4	0.4
0.9658421854116366	1.0	2.0	0.4	0.4
0.967216351150314	1.0	2.0	0.4	0.4
0.9685905168889914	1.0	2.0	0.4	0.4
0.9699646826276688	1.0	2.0	0.4	0.4
0.9713388483663461	1.0	2.0	0.4	0.4
0.9727130141050235	1.0	2.0	0.4	0.4
0.974087179843701	1.0	2.0	0.4	0.4
0.9754613455823784	1.0	2.0	0.4	0.4
0.9768355113210557	1.0	2.0	0.4	0.4
0.978209677059733	1.0	2.0	0.4	0.4
0.9795838427984106	1.0	2.0	0.4	0.4
0.9809580085370879	1.0	2.0	0.4	0.4
0.9823321742757654	1.0	2.0	0.4	0.4
0.9837063400144427	1.0	2.0	0.4	0.4
0.9850805057531202	1.0	2.0	0.4	0.4
0.9864546714917974	1.0	2.0	0.4	0.4
0.9878288372304749	1.0	2.0	0.4	0.4
0.9892030029691523	1.0	2.0	0.4	0.4
0.9905771687078297	1.0	2.0	0.4	0.4
0.9919513344465072	1.0	2.0	0.4	0.4
0.9933255001851844	1.0	2.0	0.4	0.4
0.9946996659238618	1.0	2.0	0.4	0.4
0.9960738316625393	1.0	2.0	0.4	0.4
0.9974479974012167	1.0	2.0	0.4	0.4
0.9988221631398941	1.0	2.0	0.4	0.4
1.0001963288785714	1.0	2.0	0.4	0.4
1.001570494617249	1.0	2.0	0.4	0.4
1.0029446603559262	1.0	2.0	0.4	0.4
1.0043188260946037	1.0	2.0	0.4	0.4
1.005692991833281	1.0	2.0	0.4	0.4
1.0070671575719583	1.0	2.0	0.4	0.4
1.008441323310636	1.0	2.0	0.4	0.4
1.0098154890493132	1.0	2.0	0.4	0.4
1.0111896547879906	1.0	2.0	0.4	0.4
1.012563820526668	1.0	2.0	0.4	0.4
1.0139379862653453	1.0	2.0	0.4	0.4
1.015312152004023	1.0	2.0	0.4	0.4
1.0166863177427001	1.0	2.0	0.4	0.4
1.0180604834813776	1.0	2.0	0.4	0.4
1.019434649220055	1.0	2.0	0.4	0.4
1.0208088149587322	1.0	2.0	0.4	0.4
1.0221829806974099	1.0	2.0	0.4	0.4
1.023557146436087	1.0	2.0	0.4	0.4
1.0249313121747647	1.0	2.0	0.4	0.4
1.026305477913442	1.0	2.0	0.4	0.4
1.0276796436521192	1.0	2.0	0.4	0.4
1.0290538093907968	1.0	2.0	0.4	0.4
1.030427975129474	1.0	2.0	0.4	0.4
1.0318021408681517	1.0	2.0	0.4	0.4
1.033176306606829	1.0	2.0	0.4	0.4
1.0345504723455063	1.0	2.0	0.4	0.4
1.0359246380841838	1.0	2.0	0.4	0.4
1.037298803822861	1.0	2.0	0.4	0.4
1.0386729695615387	1.0	2.0	0.4	0.4
1.0400471353002159	1.0	2.0	0.4	0.4
1.0414213010388933	1.0	2.0	0.4	0.4
1.0427954667775707	1.0	2.0	0.4	0.4
1.044169632516248	1.0	2.0	0.4	0.4
1.0455437982549256	1.0	2.0	0.4	0.4
1.0469179639936028	1.0	2.0	0.4	0.4
1.0482921297322803	1.0	2.0	0.4	0.4
