0.000000000000000000e+00 1.000029998022904598e+00 1.000238537387082793e+00 3.814665671141477532e-04 9.652549738363182445e-06 9.994053354557407287e-01
1.010101010101010187e-02 1.000052497145356600e+00 1.000268467528363958e+00 3.664289787307234425e-04 9.472473132897374541e-06 9.994044829034945954e-01
2.020202020202020374e-02 1.000075114152414901e+00 1.000298161262625385e+00 3.513796954852134447e-04 9.283778691264125887e-06 9.994045497804522338e-01
3.030303030303030387e-02 1.000097876580385403e+00 1.000327564322806673e+00 3.363537623351665201e-04 9.082228361760067984e-06 9.994065194431323018e-01
4.040404040404040747e-02 1.000120794399278701e+00 1.000356594097528973e+00 3.214150724783915863e-04 8.863780749714347031e-06 9.994116981890778240e-01
5.050505050505051108e-02 1.000143851436871678e+00 1.000385131469043287e+00 3.066650569063644055e-04 8.623980788570390413e-06 9.994217546568092692e-01
6.060606060606060774e-02 1.000166994352859939e+00 1.000413011185894652e+00 2.922521379917913942e-04 8.356936471368493462e-06 9.994387385745242547e-01
7.070707070707071829e-02 1.000190118871626677e+00 1.000440010941974656e+00 2.783812012173599026e-04 8.053774998895068204e-06 9.994650601232977216e-01
8.080808080808081495e-02 1.000213053199904500e+00 1.000465839704610449e+00 2.653217627329815947e-04 7.700495001183762294e-06 9.995034028343987575e-01
9.090909090909091161e-02 1.000235538997082285e+00 1.000490126461493379e+00 2.534127034627582653e-04 7.275278310866993198e-06 9.995565331276043963e-01
1.010101010101010222e-01 1.000257211062962615e+00 1.000512411568333704e+00 2.430603813008413994e-04 6.745848374075469996e-06 9.996269596404940838e-01
1.111111111111111188e-01 1.000277578248803145e+00 1.000532144452467076e+00 2.347256539042066881e-04 6.068861505780141110e-06 9.997163884685328350e-01
1.212121212121212155e-01 1.000296010242488931e+00 1.000548693791989852e+00 2.288939924593811487e-04 5.196202722593263394e-06 9.998249225532643836e-01
1.313131313131313260e-01 1.000311738167817932e+00 1.000561379713977850e+00 2.260218093847292387e-04 4.097215639673250592e-06 9.999499766261883416e-01
1.414141414141414366e-01 1.000323881764221490e+00 1.000569542252948141e+00 2.264521423900479197e-04 2.807004628878513173e-06 1.000000000000000000e+00
1.515151515151515194e-01 1.000331522545105489e+00 1.000572666065790539e+00 2.302954816802930266e-04 1.500546184116914371e-06 1.000000000000000000e+00
1.616161616161616299e-01 1.000333850154373039e+00 1.000570586206782853e+00 2.372797480738979281e-04 5.328645968628027065e-07 1.000000000000000000e+00
1.717171717171717404e-01 1.000330413755726955e+00 1.000563795134697065e+00 2.465927582730904899e-04 3.110619988848662850e-07 1.000000000000000000e+00
1.818181818181818232e-01 1.000321493168659703e+00 1.000553826468953966e+00 2.567816648251890210e-04 9.049067901748304297e-07 1.000000000000000000e+00
1.919191919191919338e-01 1.000308499059046285e+00 1.000543505931725363e+00 2.658615201687111046e-04 1.886799518842391239e-06 1.000000000000000000e+00
2.020202020202020443e-01 1.000293915506600850e+00 1.000536251879911465e+00 2.719911423169213416e-04 3.125689661917368095e-06 1.000000000000000000e+00
2.121212121212121271e-01 1.000279247684678685e+00 1.000532139064386872e+00 2.755303844813646735e-04 3.179651668204788674e-06 1.000000000000000000e+00
2.222222222222222376e-01 1.000259266239027722e+00 1.000518592301555154e+00 2.825530361375856031e-04 1.887688974309229293e-05 1.000000000000000000e+00
2.323232323232323482e-01 1.000233548936984906e+00 1.000487146781630310e+00 2.869610518224478823e-04 1.622971964705953213e-04 9.989161442331360163e-01
2.424242424242424310e-01 1.000363588865289532e+00 1.000667086812976558e+00 9.507565672102306908e-05 8.232050917401454045e-05 9.833363017885906610e-01
2.525252525252525415e-01 9.998650013696348537e-01 1.000005270582701167e+00 6.506246881380108038e-04 1.127845810991723850e-04 1.000000000000000000e+00
2.626262626262626521e-01 9.868199827853151307e-01 9.818529296199065559e-01 1.613355428888942067e-02 9.588184945222926435e-04 1.000000000000000000e+00
2.727272727272727626e-01 9.579472348499451506e-01 9.418985037653282433e-01 5.101950036996386051e-02 1.056294282340345054e-03 1.000000000000000000e+00
2.828282828282828731e-01 9.265952965881433245e-01 8.990011001505844312e-01 8.992214779112517320e-02 3.104559419261172445e-04 1.000000000000000000e+00
2.929292929292929282e-01 8.954844743508345584e-01 8.570190179258676544e-01 1.295784132022322899e-01 9.561863429736425788e-05 1.000000000000000000e+00
3.030303030303030387e-01 8.646413950612428234e-01 8.159905392533201018e-01 1.699821467727054836e-01 5.024704585942895422e-05 1.000000000000000000e+00
3.131313131313131493e-01 8.342938055689033128e-01 7.761908433350531711e-01 2.108787819663175966e-01 6.257230897098702959e-05 1.000000000000000000e+00
3.232323232323232598e-01 8.046710743013425482e-01 7.378905391806785952e-01 2.519686401970027134e-01 8.450488827443027756e-05 1.000000000000000000e+00
3.333333333333333703e-01 7.758581677802193211e-01 7.011698686771290490e-01 2.931157661417407856e-01 1.247042148357052735e-04 1.000000000000000000e+00
3.434343434343434809e-01 7.478344639808636174e-01 6.659735059830796944e-01 3.343291965091083617e-01 1.277772242142597413e-04 1.000000000000000000e+00
3.535353535353535914e-01 7.205642417203346195e-01 6.322274958858813410e-01 3.756488133349445424e-01 6.349872751332092898e-05 1.000000000000000000e+00
3.636363636363636465e-01 6.940538099064259558e-01 5.999089081583990346e-01 4.170530414393957552e-01 5.880449027061080104e-06 1.000000000000000000e+00
3.737373737373737570e-01 6.683543838263581449e-01 5.690462019695958773e-01 4.584371614636523762e-01 9.556972715586956095e-06 1.000000000000000000e+00
3.838383838383838675e-01 6.435296154828838988e-01 5.396784453547758265e-01 4.996531047046659513e-01 2.972074343789141135e-05 1.000000000000000000e+00
3.939393939393939781e-01 6.196195406776662251e-01 5.118139621869935985e-01 5.405705318293146933e-01 1.975204388547592812e-05 1.000000000000000000e+00
4.040404040404040886e-01 5.966250278758411518e-01 4.854157478515896962e-01 5.811163856213582557e-01 1.833904379711294892e-06 1.000000000000000000e+00
4.141414141414141992e-01 5.745192218763055525e-01 4.604180208954151698e-01 6.212697707603931363e-01 6.662590694950452152e-06 1.000000000000000000e+00
4.242424242424242542e-01 5.532772043229735592e-01 4.367607813226995206e-01 6.610153133521846636e-01 2.067284501410888832e-05 1.000000000000000000e+00
4.343434343434343647e-01 5.329098322152157063e-01 4.144249235325307978e-01 7.002743177770043292e-01 2.107911127376853251e-05 1.000000000000000000e+00
4.444444444444444753e-01 5.134922307201215119e-01 3.934574561428410555e-01 7.388325748505798485e-01 1.642792875602632705e-05 1.000000000000000000e+00
4.545454545454545858e-01 4.951857913100484732e-01 3.739873303555847905e-01 7.762724128697957582e-01 2.726025168136739723e-05 1.000000000000000000e+00
4.646464646464646964e-01 4.782567302868973580e-01 3.562383727435260994e-01 8.119077294384610122e-01 4.502354991210356412e-05 1.000000000000000000e+00
4.747474747474748069e-01 4.630861168309917675e-01 3.405376981289618410e-01 8.447323165361020347e-01 6.298360307214252057e-05 1.000000000000000000e+00
4.848484848484848619e-01 4.501431854590644543e-01 3.272922913817874480e-01 8.734430107107357122e-01 1.445682502792660642e-04 1.000000000000000000e+00
4.949494949494949725e-01 4.398759806908654202e-01 3.168855378085791430e-01 8.966722315190974735e-01 2.200457252896108795e-04 1.000000000000000000e+00
5.050505050505050830e-01 4.325117832348921443e-01 3.094842104674507821e-01 9.135185207192269008e-01 1.938088676719178878e-04 1.000000000000000000e+00
5.151515151515152491e-01 4.278726393714338827e-01 3.048595776913320954e-01 9.241295819811590206e-01 1.770283415790554593e-04 1.000000000000000000e+00
5.252525252525253041e-01 4.253802827715080781e-01 3.023930657445447201e-01 9.297770818285910899e-01 1.146317983230809348e-04 1.000000000000000000e+00
5.353535353535353591e-01 4.242873378378878568e-01 3.013059571511147450e-01 9.322419544295652560e-01 3.233399173813878574e-05 1.000000000000000000e+00
5.454545454545455252e-01 4.239476566314133721e-01 3.009328367805435556e-01 9.330644407138223295e-01 2.696211440498786055e-06 1.000000000000000000e+00
5.555555555555555802e-01 4.239399208520567286e-01 3.008486956039170268e-01 9.332140104170931760e-01 1.667598661039550129e-06 1.000000000000000000e+00
5.656565656565657463e-01 4.240442784177433366e-01 3.008426331090227057e-01 9.331649344598372808e-01 6.722065349480451450e-06 9.971197874152241125e-01
5.757575757575758013e-01 4.241677523449222109e-01 3.008362159499230470e-01 9.330976805807894570e-01 1.335533535331093698e-05 9.978048179551741725e-01
5.858585858585858563e-01 4.242818847844491148e-01 3.008150579267218627e-01 9.330564633403282127e-01 1.529966250508955940e-05 9.988745503189347952e-01
5.959595959595960224e-01 4.243862630536904268e-01 3.007887944815503811e-01 9.330353358365395255e-01 9.611501808685138693e-06 9.993290858384893394e-01
6.060606060606060774e-01 4.244912401712340744e-01 3.007714856700945405e-01 9.330167143493706128e-01 2.136671658669467856e-06 9.991010812195697532e-01
6.161616161616162435e-01 4.246119198893688051e-01 3.007724927947095228e-01 9.329864981592375095e-01 1.307579806496988109e-06 9.984748749009829671e-01
6.262626262626262985e-01 4.247688049132102295e-01 3.007915709783501867e-01 9.329397894809159375e-01 8.933216187104915865e-06 9.978790011797830095e-01
6.363636363636364646e-01 4.249892928231254752e-01 3.008154407690580845e-01 9.328839986454503519e-01 1.984354834589847937e-05 9.978652214702377066e-01
6.464646464646465196e-01 4.252683728697455035e-01 3.008171995658496245e-01 9.328435883471888346e-01 2.887690023478932822e-05 9.992830670861063691e-01
6.565656565656565746e-01 4.251555534037547712e-01 3.007715102821408304e-01 9.328744611699750777e-01 6.253296038532126747e-05 1.000000000000000000e+00
6.666666666666667407e-01 4.204554117832197679e-01 3.007171416551250309e-01 9.330920029335443289e-01 1.572787035630093463e-03 1.000000000000000000e+00
6.767676767676767957e-01 3.853019325519856375e-01 3.007594957155945714e-01 9.334787142638498736e-01 4.946896711389494293e-03 1.000000000000000000e+00
6.868686868686869618e-01 3.042427121559004299e-01 3.006787924324831329e-01 9.334227630944881282e-01 2.011234205786162181e-03 9.905018426668963372e-01
6.969696969696970168e-01 2.717264813827975356e-01 3.005516390043168617e-01 9.332444902284825483e-01 1.699102989368634405e-04 9.968484773631214324e-01
7.070707070707071829e-01 2.664092131162031363e-01 3.005801696693486402e-01 9.331858803704805583e-01 1.641254858281511377e-04 9.970879936541718891e-01
7.171717171717172379e-01 2.664002926725226872e-01 3.006734327170603738e-01 9.330903676455609697e-01 2.417106739034192758e-04 9.957105537643833326e-01
7.272727272727272929e-01 2.669912856249755384e-01 3.007716536002532637e-01 9.329765896410393555e-01 1.478470497891213350e-04 9.952963168734380028e-01
7.373737373737374590e-01 2.674175828924357234e-01 3.008216389716019679e-01 9.328465641149050747e-01 6.924163796578552900e-05 9.943409824994060564e-01
7.474747474747475140e-01 2.676451410069098369e-01 3.008184207917938835e-01 9.326845897496565119e-01 4.511843086695617211e-05 9.928623707686347055e-01
7.575757575757576801e-01 2.677328888972564380e-01 3.007774442142256976e-01 9.324828222389235366e-01 4.798955374469394226e-05 9.913062895702048349e-01
7.676767676767677351e-01 2.677323175099309838e-01 3.007150248472035825e-01 9.322440751648179980e-01 5.234959063603493641e-05 9.900316545425036363e-01
7.777777777777777901e-01 2.676804522544903309e-01 3.006437660817852242e-01 9.319787584462796426e-01 4.955925362886377870e-05 9.892773192587832609e-01
7.878787878787879562e-01 2.676062794452311322e-01 3.005742664539360343e-01 9.317029521893659405e-01 4.159393454407485732e-05 9.892595836107966889e-01
7.979797979797980112e-01 2.675377931458330361e-01 3.005191429759572763e-01 9.314396733889972468e-01 3.468782034971022883e-05 9.903314129954048362e-01
8.080808080808081773e-01 2.675068866444420546e-01 3.004977502118326704e-01 9.312256343376568157e-01 3.488249862158123501e-05 9.932798006272313129e-01
8.181818181818182323e-01 2.675458989344602356e-01 3.005378963128908509e-01 9.311275225941477718e-01 3.470310959822122819e-05 9.997504885849975986e-01
8.282828282828283983e-01 2.676498775540226416e-01 3.006582204823597948e-01 9.312451289683079114e-01 1.477443524818546311e-04 1.000000000000000000e+00
8.383838383838384534e-01 2.675940348993600115e-01 3.007103959623906864e-01 9.313228079327932063e-01 3.577570696128763326e-04 9.816877382083414316e-01
8.484848484848485084e-01 2.675618652471097869e-01 3.007675039240804704e-01 9.307705600278166624e-01 5.385107008217724506e-02 9.599923573912608754e-01
8.585858585858586745e-01 1.244548716116369858e-01 1.003052912318199708e-01 -6.797577551553683761e-04 4.218928408828131874e-04 9.285623058761486304e-01
8.686868686868687295e-01 1.244409625038064848e-01 1.003574865179623354e-01 -3.818870937577715369e-04 1.440242442264160567e-04 9.722030984429379519e-01
8.787878787878788955e-01 1.243849606518788176e-01 1.003125982744403344e-01 -1.059807933101031621e-03 2.346783436349009691e-05 9.830841131726660853e-01
8.888888888888889506e-01 1.243894151699332373e-01 1.003049153318971709e-01 -1.308540127370121792e-03 1.773547332626160684e-05 9.949896885367573995e-01
8.989898989898991166e-01 1.244153558785516811e-01 1.003113699343876064e-01 -1.395795174284101062e-03 1.602053120336228189e-05 9.973097240269619412e-01
9.090909090909091717e-01 1.244416568327457728e-01 1.003177253390203361e-01 -1.463866631703756443e-03 9.017721907569971039e-06 9.972059556751243781e-01
9.191919191919192267e-01 1.244636277132379898e-01 1.003221595328133153e-01 -1.537225121585057697e-03 5.081851993246103964e-06 9.970538265954053125e-01
9.292929292929293927e-01 1.244819249620877089e-01 1.003257395202649671e-01 -1.610101407085031550e-03 3.566522151902641571e-06 9.972431527865930345e-01
9.393939393939394478e-01 1.244980433882558191e-01 1.003293434491913105e-01 -1.674909204783336589e-03 3.294442764617981552e-06 9.976611922150995238e-01
9.494949494949496138e-01 1.245130823052446600e-01 1.003332702866819859e-01 -1.727891289358263541e-03 3.758018834536362209e-06 9.981537984196668933e-01
9.595959595959596689e-01 1.245276243852847520e-01 1.003374706048754117e-01 -1.768543724750383864e-03 4.736522608257497323e-06 9.986226783635874238e-01
9.696969696969697239e-01 1.245418836907865590e-01 1.003417738032988948e-01 -1.798147127256202044e-03 6.066925282928783812e-06 9.990221315953012882e-01
9.797979797979798899e-01 1.245558638731765200e-01 1.003460108837426201e-01 -1.818682150993644955e-03 7.584696737369025055e-06 9.993390429597326374e-01
9.898989898989899450e-01 1.245694702497286976e-01 1.003500600829591582e-01 -1.832220143662509695e-03 9.133064699040901332e-06 9.995769208502868208e-01
1.000000000000000000e+00 1.245825773559751659e-01 1.003538524639071561e-01 -1.840637301541084639e-03 1.058590099013031701e-05 9.997462725192278743e-01
